1 20 0.0155052
2 20 0.0136326
3 20 0.0165456
4 20 0.0210626
5 20 0.0128749
6 20 0.018937
7 20 0.01775
8 20 0.0204247
9 20 0.0180743
10 20 0.0267368
11 20 0.0187689
12 20 0.0204398
13 20 0.0232691
14 20 0.0223755
15 20 0.0256667
16 20 0.0215695
17 20 0.0193017
18 20 0.0241251
19 20 0.0245331
20 20 0.0239666
21 20 0.0262153
22 20 0.0276771
23 20 0.0267779
24 20 0.024958
25 20 0.0282874
26 20 0.0235113
27 20 0.0290085
28 20 0.0291811
29 20 0.025225
30 20 0.0291249
31 20 0.0241526
32 20 0.0253413
33 20 0.0275742
34 20 0.0256886
35 20 0.0252148
36 20 0.0225576
37 20 0.0232157
38 20 0.0236378
39 20 0.0231185
40 20 0.0224154
41 20 0.0264541
42 20 0.0201982
43 20 0.022149
44 20 0.0233394
45 20 0.0223474
46 20 0.0196699
47 20 0.0203645
48 20 0.0259561
49 20 0.0212778
50 20 0.0256347
51 20 0.0210013
52 20 0.0208091
53 20 0.0195929
54 20 0.0183025
55 20 0.0155097
56 20 0.0172537
57 20 0.0149393
58 20 0.0175207
59 20 0.0166979
60 20 0.0133678
61 20 0.015793
62 20 0.0161077
63 20 0.0175106
64 20 0.0161802
65 20 0.0159121
66 20 0.0159729
67 20 0.0145088
68 20 0.020351
69 20 0.0154906
70 20 0.0145093
71 20 0.0190274
72 20 0.0172295
73 20 0.014266
74 20 0.0169154
75 20 0.0177837
76 20 0.0196097
77 20 0.0219635
78 20 0.0158784
79 20 0.0128238
80 20 0.0152726
81 20 0.0144216
82 20 0.0134516
83 20 0.0201723
84 20 0.0168535
85 20 0.0163646
86 20 0.0190095
87 20 0.0162437
88 20 0.017746
89 20 0.0256695
90 20 0.0194883
91 20 0.0185149
92 20 0.018303
93 20 0.0203179
94 20 0.0178534
95 20 0.0149404
96 20 0.0196277
97 20 0.0195917
98 20 0.0203426
99 20 0.0157177
100 20 0.0159453
101 20 0.023404
102 20 0.0204882
103 20 0.0154131
104 20 0.0216128
105 20 0.0172166
106 20 0.0201836
107 20 0.0154282
108 20 0.0172279
109 20 0.0166799
110 20 0.0162651
111 20 0.0126305
112 20 0.0134999
113 20 0.0167052
114 20 0.0133791
115 20 0.0137
116 20 0.0116823
117 20 0.011815
118 20 0.0157795
119 20 0.0120083
120 20 0.0121865
121 20 0.0155232
122 20 0.0136061
123 20 0.0195412
124 20 0.0181265
125 20 0.012459
126 20 0.0181541
127 20 0.0148921
128 20 0.0142199
129 20 0.0119549
130 20 0.0136258
131 20 0.0171553
132 20 0.012137
133 20 0.0169294
134 20 0.013374
135 20 0.0157789
136 20 0.0190567
137 20 0.0163421
138 20 0.014262
139 20 0.0112406
140 20 0.0104026
141 20 0.0110242
142 20 0.0163663
143 20 0.0117633
144 20 0.0121645
145 20 0.0106201
146 20 0.0100052
147 20 0.0131059
148 20 0.00936002
149 20 0.0105824
150 20 0.0106774
151 20 0.00932237
152 20 0.0120566
153 20 0.0130801
154 20 0.00996758
155 20 0.0153417
156 20 0.011299
157 20 0.0143564
158 20 0.0144357
159 20 0.0206635
160 20 0.0138765
161 20 0.0135173
162 20 0.0115851
163 20 0.0133594
164 20 0.0152012
165 20 0.0169957
166 20 0.0102823
167 20 0.0131509
168 20 0.00857037
169 20 0.00909362
170 20 0.00857935
171 20 0.0119465
172 20 0.0122876
173 20 0.0121437
174 20 0.0109669
175 20 0.013564
176 20 0.0122219
177 20 0.0103908
178 20 0.0171947
179 20 0.0103143
180 20 0.0136489
181 20 0.00995464
182 20 0.012273
183 20 0.0108044
184 20 0.0108466
185 20 0.0128648
186 20 0.01037
187 20 0.0161926
188 20 0.00928471
189 20 0.0149736
190 20 0.0123551
191 20 0.00929763
192 20 0.011711
193 20 0.00964947
194 20 0.00825
195 20 0.0103542
196 20 0.00872661
197 20 0.00851417
198 20 0.00871088
199 20 0.00806623
200 20 0.00942241
201 20 0.00875246
202 20 0.00992767
203 20 0.00966351
204 20 0.0123124
205 20 0.0136679
206 20 0.0180456
207 20 0.0111855
208 20 0.013265
209 20 0.0114075
210 20 0.0132037
211 20 0.012368
212 20 0.00993835
213 20 0.00838265
214 20 0.010855
215 20 0.0100884
216 20 0.00957359
217 20 0.010008
218 20 0.011127
219 20 0.0084366
220 20 0.0092004
221 20 0.00825114
222 20 0.0116379
223 20 0.011806
224 20 0.0119403
225 20 0.0122573
226 20 0.0109455
227 20 0.0142935
228 20 0.0111315
229 20 0.0122089
230 20 0.0108443
231 20 0.0117217
232 20 0.012912
233 20 0.0107421
234 20 0.0122011
235 20 0.01148
236 20 0.0105341
237 20 0.0100058
238 20 0.0106679
239 20 0.00888735
240 20 0.0107027
241 20 0.0136073
242 20 0.00776892
243 20 0.0110764
244 20 0.0125197
245 20 0.0131211
246 20 0.0123494
247 20 0.0110438
248 20 0.0121747
249 20 0.0101159
250 20 0.00975625
251 20 0.00797406
252 20 0.00944545
253 20 0.00813143
254 20 0.0128952
255 20 0.0087772
256 20 0.00869683
257 20 0.0135539
258 20 0.0127929
259 20 0.0100446
260 20 0.0085625
261 20 0.0119015
262 20 0.0107662
263 20 0.00746149
264 20 0.00803138
265 20 0.011743
266 20 0.00770709
267 20 0.00963597
268 20 0.00958989
269 20 0.0103436
270 20 0.011584
271 20 0.00989396
272 20 0.017161
273 20 0.00847651
274 20 0.010039
275 20 0.0105262
276 20 0.0106251
277 20 0.00741709
278 20 0.00700737
279 20 0.00926561
280 20 0.0103689
281 20 0.00738561
282 20 0.0121061
283 20 0.00787008
284 20 0.0103593
285 20 0.0103396
286 20 0.0105644
287 20 0.00882778
288 20 0.00977424
289 20 0.0101339
290 20 0.0113676
291 20 0.00901549
292 20 0.010977
293 20 0.00859566
294 20 0.0091813
295 20 0.0132335
296 20 0.00914364
297 20 0.0081983
298 20 0.00883676
299 20 0.0105987
300 20 0.0112732
301 20 0.00763066
302 20 0.0085625
303 20 0.00787964
304 20 0.00987484
305 20 0.0094151
306 20 0.0095927
307 20 0.00767169
308 20 0.00901493
309 20 0.0146852
310 20 0.0100345
311 20 0.00723949
312 20 0.00821124
313 20 0.00652964
314 20 0.00872381
315 20 0.00995409
316 20 0.0063172
317 20 0.00576585
318 20 0.00616545
319 20 0.00554946
320 20 0.005586
321 20 0.005278
322 20 0.00493685
323 20 0.00583498
324 20 0.00850518
325 20 0.00543032
326 20 0.00636497
327 20 0.00528925
328 20 0.00691801
329 20 0.00609464
330 20 0.00564445
331 20 0.00845009
332 20 0.00878226
333 20 0.00527127
334 20 0.00699557
335 20 0.00606035
336 20 0.00505095
337 20 0.00614859
338 20 0.00541402
339 20 0.00496552
340 20 0.00518696
341 20 0.00779028
342 20 0.00455805
343 20 0.00542751
344 20 0.00471261
345 20 0.00459458
346 20 0.00453894
347 20 0.00503465
348 20 0.00550787
349 20 0.00503184
350 20 0.00480141
351 20 0.00480422
352 20 0.00513862
353 20 0.00525665
354 20 0.00512907
355 20 0.00472834
356 20 0.00513807
357 20 0.00499924
358 20 0.00534994
359 20 0.0055343
360 20 0.0051493
361 20 0.00536737
362 20 0.00598335
363 20 0.0058406
364 20 0.0064223
365 20 0.00565738
366 20 0.00547865
367 20 0.00529599
368 20 0.00571695
369 20 0.00573663
370 20 0.00554553
371 20 0.00525721
372 20 0.0052145
373 20 0.00549888
374 20 0.00515099
375 20 0.00544943
376 20 0.00626324
377 20 0.00610531
378 20 0.00613791
379 20 0.00587488
380 20 0.00681797
381 20 0.0067567
382 20 0.00618175
383 20 0.00620367
384 20 0.00652627
385 20 0.00654145
386 20 0.00577653
387 20 0.00553148
388 20 0.00562365
389 20 0.00675839
390 20 0.00606654
391 20 0.00608789
392 20 0.0065392
393 20 0.00656168
394 20 0.00627392
395 20 0.00634642
396 20 0.00612273
397 20 0.00645771
398 20 0.00651053
399 20 0.0066516
400 20 0.00694779
401 20 0.0071726
402 20 0.00758288
403 20 0.00754523
404 20 0.00719452
405 20 0.00731592
406 20 0.00761829
407 20 0.00857824
408 20 0.00966015
409 20 0.01081
410 20 0.0116109
411 20 0.011593
412 20 0.0134527
413 20 0.0165849
414 20 0.0218191
415 20 0.0277586
416 20 0.0350869
417 20 0.0482698
418 20 0.0648019
419 20 0.0852855
420 20 0.110505
421 20 0.140836
422 20 0.179705
423 20 0.22453
424 20 0.270085
425 20 0.320358
426 20 0.370892
427 20 0.419905
428 20 0.470414
429 20 0.520134
430 20 0.563659
431 20 0.594568
432 20 0.626436
433 20 0.657301
434 20 0.675685
435 20 0.697667
436 20 0.705502
437 20 0.720486
438 20 0.728885
439 20 0.735379
440 20 0.748545
441 20 0.743415
442 20 0.741746
443 20 0.755229
444 20 0.750592
445 20 0.759189
446 20 0.762005
447 20 0.756057
448 20 0.758525
449 20 0.758209
450 20 0.761449
451 20 0.757689
452 20 0.763133
453 20 0.753447
454 20 0.766712
455 20 0.760157
456 20 0.759112
457 20 0.755742
458 20 0.760141
459 20 0.76695
460 20 0.75829
461 20 0.757124
462 20 0.757902
463 20 0.755164
464 20 0.763601
465 20 0.765248
466 20 0.755357
467 20 0.751732
468 20 0.753523
469 20 0.762026
470 20 0.763917
471 20 0.755784
472 20 0.752807
473 20 0.75288
474 20 0.752351
475 20 0.755242
476 20 0.756841
477 20 0.753374
478 20 0.750999
479 20 0.748954
480 20 0.752048
481 20 0.752994
482 20 0.747978
483 20 0.744717
484 20 0.744415
485 20 0.75799
486 20 0.753765
487 20 0.749733
488 20 0.746187
489 20 0.745361
490 20 0.743912
491 20 0.749973
492 20 0.753392
493 20 0.748438
494 20 0.742936
495 20 0.747056
496 20 0.749682
497 20 0.748358
498 20 0.750878
499 20 0.74831
500 20 0.740267
501 20 0.74479
502 20 0.746563
503 20 0.755599
504 20 0.738004
505 20 0.739792
506 20 0.743363
507 20 0.749844
508 20 0.752948
509 20 0.741707
510 20 0.743833
511 20 0.739775
512 20 0.751872
513 20 0.753734
514 20 0.742468
515 20 0.738546
516 20 0.748303
517 20 0.748194
518 20 0.75133
519 20 0.740422
520 20 0.741542
521 20 0.743692
522 20 0.752234
523 20 0.749378
524 20 0.742291
525 20 0.741769
526 20 0.746784
527 20 0.750199
528 20 0.749433
529 20 0.743427
530 20 0.73911
531 20 0.744716
532 20 0.746759
533 20 0.753067
534 20 0.743724
535 20 0.734344
536 20 0.738539
537 20 0.746061
538 20 0.748101
539 20 0.741167
540 20 0.734167
541 20 0.74389
542 20 0.742964
543 20 0.748164
544 20 0.739725
545 20 0.740129
546 20 0.741101
547 20 0.733164
548 20 0.742194
549 20 0.742456
550 20 0.733274
551 20 0.741682
552 20 0.730728
553 20 0.730641
554 20 0.733678
555 20 0.727174
556 20 0.723731
557 20 0.720623
558 20 0.713393
559 20 0.70035
560 20 0.692229
561 20 0.681206
562 20 0.670363
563 20 0.646155
564 20 0.626121
565 20 0.603416
566 20 0.578345
567 20 0.543972
568 20 0.507145
569 20 0.468562
570 20 0.4327
571 20 0.394126
572 20 0.351862
573 20 0.312511
574 20 0.271622
575 20 0.234508
576 20 0.199017
577 20 0.170944
578 20 0.146527
579 20 0.119877
580 20 0.0978126
581 20 0.077516
582 20 0.065016
583 20 0.0522535
584 20 0.0422971
585 20 0.033344
586 20 0.0281526
587 20 0.0220714
588 20 0.018697
589 20 0.0159105
590 20 0.0145987
591 20 0.0129289
592 20 0.0104166
593 20 0.00943645
594 20 0.0100895
595 20 0.00953649
596 20 0.00868896
597 20 0.00866928
598 20 0.00802464
599 20 0.00774981
600 20 0.00732154
601 20 0.00661395
602 20 0.00675165
603 20 0.00668645
604 20 0.00673591
605 20 0.00595413
606 20 0.00584566
607 20 0.00588893
608 20 0.00604967
609 20 0.00635204
610 20 0.00648525
611 20 0.00643354
612 20 0.00608958
613 20 0.00587095
614 20 0.00596874
615 20 0.0060137
616 20 0.00562815
617 20 0.00630258
618 20 0.00645827
619 20 0.0067522
620 20 0.00697196
621 20 0.00648356
622 20 0.00605304
623 20 0.00590523
624 20 0.00636216
625 20 0.00609014
626 20 0.00580351
627 20 0.00591647
628 20 0.00597886
629 20 0.00575573
630 20 0.00622278
631 20 0.00628123
632 20 0.00615477
633 20 0.00588724
634 20 0.00567311
635 20 0.00571246
636 20 0.00576023
637 20 0.0050206
638 20 0.00501779
639 20 0.00532859
640 20 0.00599122
641 20 0.0051982
642 20 0.00563321
643 20 0.0057962
644 20 0.00587994
645 20 0.00586758
646 20 0.00549102
647 20 0.00564276
648 20 0.00548821
649 20 0.00575068
650 20 0.00503577
651 20 0.00520326
652 20 0.00584341
653 20 0.00527632
654 20 0.00513357
655 20 0.00546741
656 20 0.00534208
657 20 0.00508298
658 20 0.00482445
659 20 0.00499924
660 20 0.00494978
661 20 0.00489808
662 20 0.00486435
663 20 0.00488683
664 20 0.00538479
665 20 0.00532128
666 20 0.00580912
667 20 0.00625256
668 20 0.00590185
669 20 0.00570009
670 20 0.00616208
671 20 0.00561129
672 20 0.00519595
673 20 0.00626381
674 20 0.00479522
675 20 0.00511839
676 20 0.00534096
677 20 0.00679717
678 20 0.00689496
679 20 0.0098754
680 20 0.00761942
681 20 0.00670781
682 20 0.00838096
683 20 0.00749184
684 20 0.0112653
685 20 0.0104801
686 20 0.0147954
687 20 0.00727602
688 20 0.00857318
689 20 0.00853271
690 20 0.00907451
691 20 0.00646782
692 20 0.00665891
693 20 0.00790268
694 20 0.00871874
695 20 0.00698039
696 20 0.00887893
697 20 0.00924255
698 20 0.0100434
699 20 0.00739966
700 20 0.00693037
701 20 0.00705739
702 20 0.00846752
703 20 0.00614971
704 20 0.00758289
705 20 0.00900595
706 20 0.00674602
707 20 0.00816178
708 20 0.00657292
709 20 0.00973771
710 20 0.00812355
711 20 0.0073665
712 20 0.0106347
713 20 0.0086721
714 20 0.00707087
715 20 0.00777342
716 20 0.00602944
717 20 0.00672073
718 20 0.00643522
719 20 0.00733447
720 20 0.00647119
721 20 0.0068871
722 20 0.0107904
723 20 0.00675615
724 20 0.0140271
725 20 0.00858385
726 20 0.0073384
727 20 0.00869739
728 20 0.00994397
729 20 0.011308
730 20 0.00968993
731 20 0.00786503
732 20 0.00620029
733 20 0.00606373
734 20 0.0104374
735 20 0.00639644
736 20 0.00815559
737 20 0.00877663
738 20 0.00774531
739 20 0.00964385
740 20 0.00808197
741 20 0.0113996
742 20 0.00857206
743 20 0.00808197
744 20 0.00738055
745 20 0.0116475
746 20 0.00747273
747 20 0.00925549
748 20 0.00869121
749 20 0.0108533
750 20 0.00757277
751 20 0.00966127
752 20 0.00672635
753 20 0.00794427
754 20 0.0105071
755 20 0.00883959
756 20 0.0128463
757 20 0.00669319
758 20 0.00837647
759 20 0.00772058
760 20 0.00788188
761 20 0.00949546
762 20 0.0092701
763 20 0.0093145
764 20 0.0108219
765 20 0.00816965
766 20 0.00747384
767 20 0.00886937
768 20 0.00849168
769 20 0.00749689
770 20 0.00786614
771 20 0.00866029
772 20 0.0120105
773 20 0.00701355
774 20 0.0106268
775 20 0.00797855
776 20 0.00737998
777 20 0.00659652
778 20 0.00616152
779 20 0.00652065
780 20 0.00836072
781 20 0.00865917
782 20 0.00947636
783 20 0.0106673
784 20 0.0106319
785 20 0.00911385
786 20 0.00901831
787 20 0.0119678
788 20 0.00992991
789 20 0.0103031
790 20 0.0104166
791 20 0.00842649
792 20 0.0099271
793 20 0.00779252
794 20 0.00846078
795 20 0.007294
796 20 0.00757052
797 20 0.00736032
798 20 0.00868165
799 20 0.0104487
800 20 0.00918409
801 20 0.00736033
802 20 0.00822247
803 20 0.0103453
804 20 0.00864174
805 20 0.0149466
806 20 0.00768181
807 20 0.00971804
808 20 0.00822753
809 20 0.00996925
810 20 0.00922794
811 20 0.00827699
812 20 0.00924424
813 20 0.00843211
814 20 0.0111473
815 20 0.0088171
816 20 0.0105807
817 20 0.0118712
818 20 0.0151725
819 20 0.00859172
820 20 0.0116711
821 20 0.00937463
822 20 0.0100744
823 20 0.00952863
824 20 0.01003
825 20 0.00903236
826 20 0.00951964
827 20 0.00893682
828 20 0.00790662
829 20 0.0089857
830 20 0.0104897
831 20 0.00878787
832 20 0.00718047
833 20 0.0090908
834 20 0.00826463
835 20 0.00830734
836 20 0.00775824
837 20 0.00916387
838 20 0.0133532
839 20 0.00914532
840 20 0.0157565
841 20 0.00785041
842 20 0.0133414
843 20 0.0114519
844 20 0.00960844
845 20 0.0086839
846 20 0.00943758
847 20 0.0110663
848 20 0.0112119
849 20 0.0101339
850 20 0.0103408
851 20 0.0100198
852 20 0.0119178
853 20 0.0155406
854 20 0.014153
855 20 0.0113923
856 20 0.01158
857 20 0.0100513
858 20 0.0120842
859 20 0.0097748
860 20 0.00990068
861 20 0.0107454
862 20 0.00839783
863 20 0.0082326
864 20 0.00837534
865 20 0.0102711
866 20 0.011385
867 20 0.0122061
868 20 0.0118509
869 20 0.0120274
870 20 0.0078757
871 20 0.00924593
872 20 0.00944657
873 20 0.00961966
874 20 0.0110495
875 20 0.0184637
876 20 0.0130126
877 20 0.0105212
878 20 0.00873899
879 20 0.0103958
880 20 0.0103256
881 20 0.0116576
882 20 0.00981752
883 20 0.0126344
884 20 0.0101497
885 20 0.00937407
886 20 0.01322
887 20 0.0126535
888 20 0.00915825
889 20 0.0086305
890 20 0.0112951
891 20 0.0141165
892 20 0.00881541
893 20 0.0164646
894 20 0.0129075
895 20 0.00980403
896 20 0.0133015
897 20 0.0111394
898 20 0.0160914
899 20 0.014778
900 20 0.0111214
901 20 0.0142547
902 20 0.0150466
903 20 0.0135915
904 20 0.0136281
905 20 0.00998612
906 20 0.0129992
907 20 0.0138838
908 20 0.0104391
909 20 0.0134707
910 20 0.0146577
911 20 0.01172
912 20 0.00942409
913 20 0.0122179
914 20 0.0121297
915 20 0.0124422
916 20 0.0102834
917 20 0.0131498
918 20 0.00883902
919 20 0.0167142
920 20 0.0084574
921 20 0.0098029
922 20 0.0115086
923 20 0.01331
924 20 0.0102812
925 20 0.0136888
926 20 0.0145318
927 20 0.0096697
928 20 0.00996251
929 20 0.0204848
930 20 0.010728
931 20 0.0198604
932 20 0.0153726
933 20 0.0127462
934 20 0.0102115
935 20 0.011249
936 20 0.0107825
937 20 0.0170227
938 20 0.0130171
939 20 0.0107628
940 20 0.0132285
941 20 0.0104217
942 20 0.0159779
943 20 0.0127609
944 20 0.0129351
945 20 0.0128114
946 20 0.0122533
947 20 0.0169249
948 20 0.0158762
949 20 0.0143064
950 20 0.015372
951 20 0.0104526
952 20 0.00947861
953 20 0.0121488
954 20 0.0124236
955 20 0.0095927
956 20 0.0100052
957 20 0.0161813
958 20 0.0139169
959 20 0.011254
960 20 0.0159048
961 20 0.0156227
962 20 0.0187313
963 20 0.0153642
964 20 0.0133499
965 20 0.0156452
966 20 0.0163123
967 20 0.0108932
968 20 0.0126692
969 20 0.0174577
970 20 0.0106836
971 20 0.012839
972 20 0.0131132
973 20 0.0131964
974 20 0.0156137
975 20 0.0107269
976 20 0.0106027
977 20 0.0121055
978 20 0.013437
979 20 0.0166253
980 20 0.0130632
981 20 0.0122292
982 20 0.0125079
983 20 0.0185761
984 20 0.016187
985 20 0.0189617
986 20 0.0181608
987 20 0.0146875
988 20 0.0156064
989 20 0.0164
990 20 0.0191994
991 20 0.0124759
992 20 0.0170643
993 20 0.0161055
994 20 0.0155586
995 20 0.0214296
996 20 0.0141642
997 20 0.0162409
998 20 0.028333
999 20 0.0144143
1000 20 0.013378
