1 20 0.00702362
2 20 0.00667348
3 20 0.0075789
4 20 0.00778124
5 20 0.00836967
6 20 0.00775145
7 20 0.00774189
8 20 0.00807686
9 20 0.00833426
10 20 0.00811564
11 20 0.00794029
12 20 0.00773402
13 20 0.00760925
14 20 0.00791107
15 20 0.00783518
16 20 0.00811339
17 20 0.00759352
18 20 0.00784305
19 20 0.00854502
20 20 0.00817802
21 20 0.00802909
22 20 0.008504
23 20 0.00858043
24 20 0.00859673
25 20 0.00904579
26 20 0.00911154
27 20 0.00930994
28 20 0.00946001
29 20 0.00940717
30 20 0.00972247
31 20 0.0102317
32 20 0.00995065
33 20 0.0100276
34 20 0.0102036
35 20 0.0101266
36 20 0.00977642
37 20 0.0101828
38 20 0.0103188
39 20 0.00926273
40 20 0.00935266
41 20 0.00893675
42 20 0.00977024
43 20 0.0095786
44 20 0.00908289
45 20 0.00916438
46 20 0.0085321
47 20 0.00846184
48 20 0.00874398
49 20 0.00806281
50 20 0.00763736
51 20 0.00825727
52 20 0.00843093
53 20 0.0078869
54 20 0.00725124
55 20 0.00750978
56 20 0.00815724
57 20 0.0082983
58 20 0.00806506
59 20 0.00808023
60 20 0.00798862
61 20 0.00752888
62 20 0.00825278
63 20 0.00813306
64 20 0.00854447
65 20 0.00792849
66 20 0.00812294
67 20 0.00874286
68 20 0.00801391
69 20 0.00842813
70 20 0.0089154
71 20 0.00994671
72 20 0.00800941
73 20 0.00793186
74 20 0.00803078
75 20 0.00800942
76 20 0.00831571
77 20 0.00844161
78 20 0.00846072
79 20 0.00883054
80 20 0.00793804
81 20 0.00819881
82 20 0.00780765
83 20 0.00774583
84 20 0.00809934
85 20 0.00749741
86 20 0.00792006
87 20 0.00788858
88 20 0.00769974
89 20 0.00729508
90 20 0.0069899
91 20 0.00656333
92 20 0.00656951
93 20 0.00728047
94 20 0.00734005
95 20 0.0073985
96 20 0.00695506
97 20 0.00699327
98 20 0.00734511
99 20 0.00731644
100 20 0.00722877
101 20 0.00742435
102 20 0.00732937
103 20 0.00682017
104 20 0.00669821
105 20 0.0060502
106 20 0.0060176
107 20 0.00622386
108 20 0.00645879
109 20 0.00619182
110 20 0.00662852
111 20 0.00662346
112 20 0.00654253
113 20 0.00658862
114 20 0.0058844
115 20 0.00638236
116 20 0.00708264
117 20 0.00699946
118 20 0.00692527
119 20 0.00702756
120 20 0.00771211
121 20 0.00780484
122 20 0.00737938
123 20 0.00755811
124 20 0.00714221
125 20 0.00724956
126 20 0.00684658
127 20 0.00658524
128 20 0.00736028
129 20 0.00717706
130 20 0.00744796
131 20 0.00787397
132 20 0.00760644
133 20 0.00770199
134 20 0.00773065
135 20 0.00754406
136 20 0.00754181
137 20 0.00748392
138 20 0.00730407
139 20 0.00692358
140 20 0.00714671
141 20 0.00696742
142 20 0.00650937
143 20 0.00649139
144 20 0.00688705
145 20 0.0073614
146 20 0.00755924
147 20 0.00747942
148 20 0.00769468
149 20 0.00740187
150 20 0.00736252
151 20 0.00701913
152 20 0.00710961
153 20 0.00708095
154 20 0.00678083
155 20 0.00689773
156 20 0.00770086
157 20 0.00724618
158 20 0.00759464
159 20 0.00809878
160 20 0.00766321
161 20 0.00806225
162 20 0.00767838
163 20 0.00774414
164 20 0.00782788
165 20 0.0083944
166 20 0.00889517
167 20 0.00821849
168 20 0.00800998
169 20 0.00763566
170 20 0.00780372
171 20 0.00731082
172 20 0.00764072
173 20 0.00823816
174 20 0.00791836
175 20 0.00827019
176 20 0.00787903
177 20 0.00801897
178 20 0.00831965
179 20 0.00738332
180 20 0.00686851
181 20 0.00677353
182 20 0.00683647
183 20 0.00677015
184 20 0.0067162
185 20 0.00601816
186 20 0.007018
187 20 0.007027
188 20 0.00703486
189 20 0.00665662
190 20 0.00674655
191 20 0.00699384
192 20 0.0071838
193 20 0.00693202
194 20 0.00715233
195 20 0.00699777
196 20 0.00710399
197 20 0.00668472
198 20 0.0070596
199 20 0.00693314
200 20 0.00803864
201 20 0.00730576
202 20 0.0071113
203 20 0.00701576
204 20 0.00683648
205 20 0.007027
206 20 0.00732263
207 20 0.00703655
208 20 0.00700957
209 20 0.00666224
210 20 0.00729846
211 20 0.00769018
212 20 0.00745413
213 20 0.00767782
214 20 0.00764073
215 20 0.0073777
216 20 0.00722933
217 20 0.00706072
218 20 0.00715233
219 20 0.00746875
220 20 0.00770311
221 20 0.00794984
222 20 0.0083101
223 20 0.00867542
224 20 0.00944539
225 20 0.00928184
226 20 0.00918236
227 20 0.00831347
228 20 0.00752776
229 20 0.0073614
230 20 0.00739007
231 20 0.00726754
232 20 0.00735747
233 20 0.00790151
234 20 0.0075154
235 20 0.00827919
236 20 0.00853827
237 20 0.00861022
238 20 0.00818196
239 20 0.00899408
240 20 0.00809822
241 20 0.00781102
242 20 0.00784812
243 20 0.00785486
244 20 0.00834775
245 20 0.00773009
246 20 0.00765309
247 20 0.00855121
248 20 0.0089109
249 20 0.00839216
250 20 0.00776269
251 20 0.00761431
252 20 0.00823142
253 20 0.00818533
254 20 0.00844442
255 20 0.00834551
256 20 0.0084388
257 20 0.00818477
258 20 0.00750415
259 20 0.0082449
260 20 0.00872994
261 20 0.00887043
262 20 0.00934479
263 20 0.00851074
264 20 0.00840283
265 20 0.00888056
266 20 0.00995234
267 20 0.00967414
268 20 0.00945831
269 20 0.010185
270 20 0.00997032
271 20 0.00906996
272 20 0.00969437
273 20 0.0100293
274 20 0.0101968
275 20 0.00974382
276 20 0.0101451
277 20 0.0100563
278 20 0.00988152
279 20 0.0108291
280 20 0.00947855
281 20 0.00991018
282 20 0.0111096
283 20 0.012237
284 20 0.0106391
285 20 0.0101356
286 20 0.00966908
287 20 0.0108308
288 20 0.0101968
289 20 0.0102536
290 20 0.0103643
291 20 0.00970112
292 20 0.0101783
293 20 0.0102446
294 20 0.0100524
295 20 0.0102867
296 20 0.00944145
297 20 0.0109825
298 20 0.0111157
299 20 0.0101474
300 20 0.00984442
301 20 0.0101676
302 20 0.0110483
303 20 0.00980846
304 20 0.00943471
305 20 0.009827
306 20 0.00976743
307 20 0.0106807
308 20 0.0105689
309 20 0.0111877
310 20 0.0111337
311 20 0.010905
312 20 0.011023
313 20 0.0117362
314 20 0.0121881
315 20 0.0122729
316 20 0.0119582
317 20 0.012074
318 20 0.0128265
319 20 0.0131902
320 20 0.0139652
321 20 0.0135931
322 20 0.0139287
323 20 0.0144047
324 20 0.0141793
325 20 0.013361
326 20 0.0131396
327 20 0.0137348
328 20 0.0124236
329 20 0.0123387
330 20 0.0112163
331 20 0.0110904
332 20 0.010049
333 20 0.0089598
334 20 0.00977642
335 20 0.0103081
336 20 0.00932849
337 20 0.00882491
338 20 0.00835113
339 20 0.00898228
340 20 0.00886876
341 20 0.00950047
342 20 0.00906771
343 20 0.00879794
344 20 0.00846578
345 20 0.00881311
346 20 0.00885302
347 20 0.00881423
348 20 0.0091537
349 20 0.00996863
350 20 0.00962692
351 20 0.00939706
352 20 0.00961512
353 20 0.0103457
354 20 0.010262
355 20 0.0102969
356 20 0.00978316
357 20 0.00958083
358 20 0.00912672
359 20 0.00926217
360 20 0.0095415
361 20 0.00961961
362 20 0.00846522
363 20 0.00856358
364 20 0.00824547
365 20 0.00780427
366 20 0.00894462
367 20 0.00811002
368 20 0.00827582
369 20 0.00796164
370 20 0.00809653
371 20 0.00808922
372 20 0.00860629
373 20 0.00802852
374 20 0.00838148
375 20 0.00834101
376 20 0.00872656
377 20 0.00840845
378 20 0.00836237
379 20 0.00754518
380 20 0.00835788
381 20 0.00931219
382 20 0.00824097
383 20 0.00775482
384 20 0.0077166
385 20 0.00744571
386 20 0.0081117
387 20 0.00803134
388 20 0.00789364
389 20 0.00773065
390 20 0.00801447
391 20 0.00753338
392 20 0.00799368
393 20 0.00783069
394 20 0.00738163
395 20 0.00785486
396 20 0.00716919
397 20 0.00714052
398 20 0.00883222
399 20 0.00839778
400 20 0.00790432
401 20 0.00922059
402 20 0.00873274
403 20 0.00848939
404 20 0.00865856
405 20 0.00836124
406 20 0.00841183
407 20 0.00854278
408 20 0.00877545
409 20 0.00889685
410 20 0.00964603
411 20 0.0101254
412 20 0.0119992
413 20 0.0145621
414 20 0.0168669
415 20 0.0221044
416 20 0.0276724
417 20 0.0376821
418 20 0.0488697
419 20 0.0637398
420 20 0.0830734
421 20 0.110225
422 20 0.140406
423 20 0.181736
424 20 0.225528
425 20 0.27579
426 20 0.32459
427 20 0.384837
428 20 0.436666
429 20 0.48742
430 20 0.529129
431 20 0.569783
432 20 0.611073
433 20 0.645815
434 20 0.666374
435 20 0.685785
436 20 0.700482
437 20 0.726607
438 20 0.736234
439 20 0.740757
440 20 0.745364
441 20 0.756546
442 20 0.760809
443 20 0.768285
444 20 0.768519
445 20 0.766501
446 20 0.774323
447 20 0.774266
448 20 0.774931
449 20 0.773734
450 20 0.7742
451 20 0.778766
452 20 0.778974
453 20 0.776116
454 20 0.778234
455 20 0.773193
456 20 0.776936
457 20 0.783159
458 20 0.777574
459 20 0.773504
460 20 0.775535
461 20 0.774956
462 20 0.77493
463 20 0.780907
464 20 0.776533
465 20 0.775648
466 20 0.77457
467 20 0.776859
468 20 0.778102
469 20 0.778638
470 20 0.771379
471 20 0.771426
472 20 0.778375
473 20 0.77775
474 20 0.780437
475 20 0.77612
476 20 0.77252
477 20 0.775274
478 20 0.777207
479 20 0.777798
480 20 0.782978
481 20 0.771423
482 20 0.771029
483 20 0.774042
484 20 0.778644
485 20 0.780035
486 20 0.777533
487 20 0.771046
488 20 0.77608
489 20 0.779592
490 20 0.782382
491 20 0.775515
492 20 0.773091
493 20 0.778518
494 20 0.776594
495 20 0.773768
496 20 0.77274
497 20 0.772593
498 20 0.77514
499 20 0.775389
500 20 0.772992
501 20 0.775689
502 20 0.775316
503 20 0.774711
504 20 0.772537
505 20 0.771701
506 20 0.772981
507 20 0.773606
508 20 0.776553
509 20 0.770632
510 20 0.776442
511 20 0.775365
512 20 0.77348
513 20 0.773435
514 20 0.768317
515 20 0.771598
516 20 0.781203
517 20 0.771664
518 20 0.770384
519 20 0.774542
520 20 0.769214
521 20 0.780395
522 20 0.776867
523 20 0.767999
524 20 0.772369
525 20 0.774088
526 20 0.771552
527 20 0.771874
528 20 0.776344
529 20 0.771806
530 20 0.774068
531 20 0.768112
532 20 0.774717
533 20 0.775487
534 20 0.767451
535 20 0.766941
536 20 0.776817
537 20 0.772394
538 20 0.774612
539 20 0.763573
540 20 0.765872
541 20 0.769059
542 20 0.771909
543 20 0.7714
544 20 0.758843
545 20 0.762727
546 20 0.765583
547 20 0.764222
548 20 0.761068
549 20 0.755564
550 20 0.755331
551 20 0.756238
552 20 0.756353
553 20 0.747211
554 20 0.737308
555 20 0.739975
556 20 0.740489
557 20 0.733461
558 20 0.722566
559 20 0.714408
560 20 0.711041
561 20 0.701879
562 20 0.692141
563 20 0.683178
564 20 0.661118
565 20 0.634972
566 20 0.618784
567 20 0.596517
568 20 0.56678
569 20 0.524326
570 20 0.481701
571 20 0.440405
572 20 0.394732
573 20 0.345067
574 20 0.295004
575 20 0.245639
576 20 0.206703
577 20 0.171523
578 20 0.141836
579 20 0.114484
580 20 0.0928414
581 20 0.0785306
582 20 0.0665095
583 20 0.0551785
584 20 0.0467863
585 20 0.0400313
586 20 0.0345218
587 20 0.0304454
588 20 0.0260257
589 20 0.0226344
590 20 0.0205268
591 20 0.0183051
592 20 0.0171389
593 20 0.0158587
594 20 0.0145193
595 20 0.0133059
596 20 0.011598
597 20 0.0115771
598 20 0.0110792
599 20 0.010919
600 20 0.010307
601 20 0.00856413
602 20 0.00880806
603 20 0.00796277
604 20 0.00793803
605 20 0.0077211
606 20 0.00734117
607 20 0.00659874
608 20 0.00712141
609 20 0.00713996
610 20 0.00712535
611 20 0.00688199
612 20 0.00695168
613 20 0.00760532
614 20 0.00699047
615 20 0.00669709
616 20 0.00666618
617 20 0.00690841
618 20 0.00684434
619 20 0.00722876
620 20 0.00712816
621 20 0.00652567
622 20 0.00734398
623 20 0.00712423
624 20 0.00668079
625 20 0.0063003
626 20 0.00585012
627 20 0.00642001
628 20 0.00608617
629 20 0.00583101
630 20 0.0057911
631 20 0.00538307
632 20 0.00601198
633 20 0.0063121
634 20 0.00600074
635 20 0.00616317
636 20 0.00607774
637 20 0.00625928
638 20 0.0065948
639 20 0.00670552
640 20 0.00680613
641 20 0.00684659
642 20 0.00666393
643 20 0.00691066
644 20 0.00691684
645 20 0.00720741
646 20 0.00676734
647 20 0.00654534
648 20 0.00652736
649 20 0.00658468
650 20 0.00653747
651 20 0.00649645
652 20 0.00681398
653 20 0.00651667
654 20 0.00661166
655 20 0.00663133
656 20 0.00675497
657 20 0.00725631
658 20 0.00646722
659 20 0.00673025
660 20 0.00633346
661 20 0.00681511
662 20 0.0064217
663 20 0.0067679
664 20 0.00742884
665 20 0.00764859
666 20 0.00728104
667 20 0.00744009
668 20 0.00747549
669 20 0.00656389
670 20 0.00645486
671 20 0.00589508
672 20 0.00583606
673 20 0.0057394
674 20 0.00608055
675 20 0.00719167
676 20 0.00703149
677 20 0.0064245
678 20 0.00660717
679 20 0.00705341
680 20 0.00702026
681 20 0.00657175
682 20 0.00707477
683 20 0.00725012
684 20 0.00750922
685 20 0.00798806
686 20 0.00717143
687 20 0.0073333
688 20 0.00663639
689 20 0.00618565
690 20 0.00641888
691 20 0.00635369
692 20 0.00639191
693 20 0.00624129
694 20 0.00622386
695 20 0.00612832
696 20 0.00650937
697 20 0.00625309
698 20 0.00640764
699 20 0.00647734
700 20 0.00675217
701 20 0.00655939
702 20 0.0066347
703 20 0.00650656
704 20 0.00681849
705 20 0.00615923
706 20 0.00604514
707 20 0.00596533
708 20 0.00580178
709 20 0.00673475
710 20 0.00611539
711 20 0.00596758
712 20 0.00563093
713 20 0.00567027
714 20 0.00581359
715 20 0.00589564
716 20 0.00626433
717 20 0.00662796
718 20 0.00687525
719 20 0.00599849
720 20 0.00589564
721 20 0.0060828
722 20 0.00641214
723 20 0.00558091
724 20 0.00519255
725 20 0.00575176
726 20 0.0060738
727 20 0.00601985
728 20 0.00639078
729 20 0.00619913
730 20 0.00571804
731 20 0.00630648
732 20 0.00619913
733 20 0.00694326
734 20 0.00690448
735 20 0.00691628
736 20 0.00673137
737 20 0.00640765
738 20 0.00669821
739 20 0.00673756
740 20 0.00681174
741 20 0.00646385
742 20 0.00616766
743 20 0.00652174
744 20 0.00694382
745 20 0.00675048
746 20 0.00700058
747 20 0.0077166
748 20 0.00768625
749 20 0.00702419
750 20 0.00656782
751 20 0.00637561
752 20 0.00663695
753 20 0.00721809
754 20 0.00657625
755 20 0.00597151
756 20 0.0062115
757 20 0.0061227
758 20 0.00636662
759 20 0.0071956
760 20 0.00667854
761 20 0.00580291
762 20 0.00603896
763 20 0.0061952
764 20 0.00707196
765 20 0.00662683
766 20 0.00672182
767 20 0.00642226
768 20 0.00672238
769 20 0.00612214
770 20 0.00681006
771 20 0.00629074
772 20 0.00607099
773 20 0.00661391
774 20 0.00620925
775 20 0.0057113
776 20 0.00607774
777 20 0.00598894
778 20 0.00649307
779 20 0.00760082
780 20 0.00701744
781 20 0.00689998
782 20 0.00715963
783 20 0.00745133
784 20 0.00732993
785 20 0.00739119
786 20 0.00663807
787 20 0.00624634
788 20 0.0061508
789 20 0.00657288
790 20 0.0067443
791 20 0.00618958
792 20 0.00696237
793 20 0.00659929
794 20 0.00714277
795 20 0.00657569
796 20 0.00672856
797 20 0.00701576
798 20 0.00747549
799 20 0.00716863
800 20 0.00690953
801 20 0.00670946
802 20 0.00634189
803 20 0.00648183
804 20 0.00666561
805 20 0.00752326
806 20 0.00718324
807 20 0.00692022
808 20 0.00711299
809 20 0.00641214
810 20 0.00634245
811 20 0.00675835
812 20 0.00675048
813 20 0.00704835
814 20 0.0068893
815 20 0.00657288
816 20 0.00613506
817 20 0.00611539
818 20 0.00610303
819 20 0.00651893
820 20 0.00653185
821 20 0.00600355
822 20 0.00577818
823 20 0.00600411
824 20 0.0062351
825 20 0.00622611
826 20 0.00598781
827 20 0.00618115
828 20 0.006207
829 20 0.00606368
830 20 0.00626826
831 20 0.006284
832 20 0.00665156
833 20 0.00662009
834 20 0.00646385
835 20 0.00726641
836 20 0.00747887
837 20 0.00660435
838 20 0.00669034
839 20 0.00577256
840 20 0.00661559
841 20 0.00662571
842 20 0.00633121
843 20 0.00611764
844 20 0.00726923
845 20 0.00736252
846 20 0.00787115
847 20 0.00684939
848 20 0.00744177
849 20 0.00694044
850 20 0.00717481
851 20 0.00780428
852 20 0.00714221
853 20 0.00679488
854 20 0.00714895
855 20 0.00729396
856 20 0.00701857
857 20 0.00769918
858 20 0.00691515
859 20 0.00574221
860 20 0.00620082
861 20 0.00625871
862 20 0.00564666
863 20 0.00551683
864 20 0.00563711
865 20 0.00635257
866 20 0.0068612
867 20 0.00686907
868 20 0.00647396
869 20 0.0057675
870 20 0.0058518
871 20 0.00627388
872 20 0.00616654
873 20 0.00610865
874 20 0.00651499
875 20 0.0063239
876 20 0.00608448
877 20 0.00613563
878 20 0.00634133
879 20 0.00650431
880 20 0.00654197
881 20 0.00647678
882 20 0.00662515
883 20 0.00718774
884 20 0.00669147
885 20 0.00737714
886 20 0.00752551
887 20 0.00714221
888 20 0.0069781
889 20 0.00665101
890 20 0.00727991
891 20 0.00747605
892 20 0.00740974
893 20 0.00701913
894 20 0.00712479
895 20 0.0076441
896 20 0.00726024
897 20 0.00651724
898 20 0.00661054
899 20 0.00750697
900 20 0.00680331
901 20 0.00587428
902 20 0.00664988
903 20 0.00656108
904 20 0.00682972
905 20 0.00705341
906 20 0.00688762
907 20 0.00722371
908 20 0.00768232
909 20 0.00686906
910 20 0.00645598
911 20 0.00732656
912 20 0.00705622
913 20 0.00720965
914 20 0.00635706
915 20 0.0063166
916 20 0.00716469
917 20 0.0070832
918 20 0.00662627
919 20 0.00647565
920 20 0.00678251
921 20 0.00655433
922 20 0.0067072
923 20 0.00711973
924 20 0.00761487
925 20 0.00692358
926 20 0.0063801
927 20 0.00670327
928 20 0.00656894
929 20 0.00642563
930 20 0.00649588
931 20 0.00683928
932 20 0.00702138
933 20 0.00734229
934 20 0.0069708
935 20 0.00658637
936 20 0.00733499
937 20 0.00747831
938 20 0.0070506
939 20 0.00747043
940 20 0.0076233
941 20 0.00722315
942 20 0.00711917
943 20 0.00783575
944 20 0.00757947
945 20 0.00872881
946 20 0.00782339
947 20 0.00792174
948 20 0.00673474
949 20 0.00707533
950 20 0.00769974
951 20 0.00787172
952 20 0.00726923
953 20 0.00730464
954 20 0.0074103
955 20 0.00717425
956 20 0.00682467
957 20 0.0070225
958 20 0.00724731
959 20 0.0076278
960 20 0.00745694
961 20 0.00709781
962 20 0.0066111
963 20 0.00665325
964 20 0.00633964
965 20 0.00652736
966 20 0.00698484
967 20 0.00687075
968 20 0.00710231
969 20 0.00714446
970 20 0.00750078
971 20 0.00771885
972 20 0.00749292
973 20 0.00768232
974 20 0.00763342
975 20 0.00747718
976 20 0.00744177
977 20 0.00767895
978 20 0.00734679
979 20 0.00737489
980 20 0.00768906
981 20 0.00719167
982 20 0.00739568
983 20 0.00791836
984 20 0.00775089
985 20 0.00778798
986 20 0.00783631
987 20 0.00689717
988 20 0.00769019
989 20 0.00693032
990 20 0.00693595
991 20 0.00747549
992 20 0.00749291
993 20 0.00696461
994 20 0.00716468
995 20 0.00702025
996 20 0.00733668
997 20 0.00753956
998 20 0.00758734
999 20 0.00813924
1000 20 0.0077728
