1 20 0.00879679
2 20 0.00846351
3 20 0.0084399
4 20 0.00768286
5 20 0.00810775
6 20 0.00837246
7 20 0.00772277
8 20 0.00803974
9 20 0.00874902
10 20 0.00754853
11 20 0.00730686
12 20 0.0074513
13 20 0.0075165
14 20 0.0069792
15 20 0.0077458
16 20 0.00756371
17 20 0.00800433
18 20 0.00835953
19 20 0.00872092
20 20 0.00872653
21 20 0.00874846
22 20 0.00918458
23 20 0.00907329
24 20 0.00929924
25 20 0.00886142
26 20 0.00947122
27 20 0.00926382
28 20 0.00878499
29 20 0.00902553
30 20 0.00941445
31 20 0.00928125
32 20 0.00955832
33 20 0.00863268
34 20 0.00890246
35 20 0.00891256
36 20 0.00873327
37 20 0.00940265
38 20 0.00955439
39 20 0.00962521
40 20 0.00941727
41 20 0.00845789
42 20 0.0088957
43 20 0.00806503
44 20 0.0078346
45 20 0.00792059
46 20 0.00782393
47 20 0.00794813
48 20 0.0082342
49 20 0.00836684
50 20 0.00839662
51 20 0.00871586
52 20 0.00846407
53 20 0.00864111
54 20 0.00882208
55 20 0.0081544
56 20 0.00900811
57 20 0.00880635
58 20 0.00889852
59 20 0.00940545
60 20 0.00894236
61 20 0.00833313
62 20 0.0086737
63 20 0.00887154
64 20 0.00803019
65 20 0.00826849
66 20 0.00823083
67 20 0.00825331
68 20 0.00878611
69 20 0.00884793
70 20 0.00929137
71 20 0.00830333
72 20 0.00808414
73 20 0.00907499
74 20 0.00888727
75 20 0.00850735
76 20 0.00815496
77 20 0.00882994
78 20 0.00905083
79 20 0.00908567
80 20 0.00792622
81 20 0.00791104
82 20 0.00767668
83 20 0.00746648
84 20 0.00694099
85 20 0.00668077
86 20 0.00673191
87 20 0.00733216
88 20 0.00703822
89 20 0.00724223
90 20 0.00706857
91 20 0.00724336
92 20 0.00726865
93 20 0.00690558
94 20 0.00709723
95 20 0.00681453
96 20 0.00656781
97 20 0.00655375
98 20 0.00697696
99 20 0.00678924
100 20 0.00675777
101 20 0.00688141
102 20 0.00714613
103 20 0.0069719
104 20 0.00677575
105 20 0.00694885
106 20 0.00708992
107 20 0.00680666
108 20 0.00637615
109 20 0.00679767
110 20 0.00658298
111 20 0.00695785
112 20 0.00704777
113 20 0.00659197
114 20 0.00684431
115 20 0.00695391
116 20 0.00705115
117 20 0.00704159
118 20 0.00687354
119 20 0.00711353
120 20 0.00752549
121 20 0.00758226
122 20 0.00682184
123 20 0.0073063
124 20 0.0076126
125 20 0.00718434
126 20 0.00708318
127 20 0.00698595
128 20 0.00722088
129 20 0.00739847
130 20 0.0082668
131 20 0.00791329
132 20 0.00773288
133 20 0.00775648
134 20 0.0074558
135 20 0.00763621
136 20 0.00842921
137 20 0.00822465
138 20 0.00787282
139 20 0.00731642
140 20 0.00695054
141 20 0.00670157
142 20 0.00701461
143 20 0.00750863
144 20 0.00706519
145 20 0.00694998
146 20 0.00720457
147 20 0.00682184
148 20 0.00700506
149 20 0.00671393
150 20 0.00703372
151 20 0.00746086
152 20 0.00745355
153 20 0.00747603
154 20 0.00792959
155 20 0.00792172
156 20 0.00865234
157 20 0.00808976
158 20 0.0085894
159 20 0.0092745
160 20 0.00884062
161 20 0.00913175
162 20 0.00837246
163 20 0.00855849
164 20 0.00817632
165 20 0.00792678
166 20 0.00817688
167 20 0.00792565
168 20 0.00774805
169 20 0.00739285
170 20 0.00775761
171 20 0.00803468
172 20 0.00754853
173 20 0.00719671
174 20 0.00631209
175 20 0.00641549
176 20 0.00676057
177 20 0.0061002
178 20 0.00672798
179 20 0.00673922
180 20 0.00730405
181 20 0.0075002
182 20 0.00752887
183 20 0.00830109
184 20 0.0073226
185 20 0.00708318
186 20 0.00748896
187 20 0.00730237
188 20 0.00784079
189 20 0.00776885
190 20 0.00760811
191 20 0.00790879
192 20 0.0077503
193 20 0.0086085
194 20 0.0085731
195 20 0.00914243
196 20 0.00841911
197 20 0.00884793
198 20 0.00899519
199 20 0.00900811
200 20 0.010135
201 20 0.00876419
202 20 0.00900305
203 20 0.00890695
204 20 0.00820386
205 20 0.00826229
206 20 0.00925765
207 20 0.00861581
208 20 0.0082505
209 20 0.0083039
210 20 0.00747266
211 20 0.00704215
212 20 0.0067055
213 20 0.00708712
214 20 0.00698595
215 20 0.00755528
216 20 0.00780931
217 20 0.00775985
218 20 0.00787957
219 20 0.00780425
220 20 0.00844047
221 20 0.00771321
222 20 0.00850453
223 20 0.0083067
224 20 0.0085821
225 20 0.00823645
226 20 0.00901542
227 20 0.0085613
228 20 0.00909073
229 20 0.00927901
230 20 0.00898731
231 20 0.00850959
232 20 0.00863212
233 20 0.00868832
234 20 0.00836122
235 20 0.00732597
236 20 0.00753674
237 20 0.00765026
238 20 0.00740297
239 20 0.00766824
240 20 0.00785933
241 20 0.00752268
242 20 0.0086338
243 20 0.00753954
244 20 0.00734845
245 20 0.00736812
246 20 0.00722368
247 20 0.00821172
248 20 0.00785652
249 20 0.0078464
250 20 0.00812179
251 20 0.00835954
252 20 0.00834717
253 20 0.0086709
254 20 0.00905757
255 20 0.0085686
256 20 0.00835111
257 20 0.00833144
258 20 0.00771321
259 20 0.00783798
260 20 0.00815495
261 20 0.00850622
262 20 0.00863717
263 20 0.00846407
264 20 0.00817126
265 20 0.00804648
266 20 0.00770646
267 20 0.00790879
268 20 0.00840113
269 20 0.00871979
270 20 0.00889121
271 20 0.00769298
272 20 0.0077947
273 20 0.0080257
274 20 0.00763171
275 20 0.00806222
276 20 0.00793184
277 20 0.00807683
278 20 0.00847981
279 20 0.00816732
280 20 0.00800546
281 20 0.00804255
282 20 0.00867932
283 20 0.007888
284 20 0.00841686
285 20 0.00838595
286 20 0.00821791
287 20 0.00841742
288 20 0.00819767
289 20 0.00807796
290 20 0.00734228
291 20 0.00737262
292 20 0.00760306
293 20 0.00655207
294 20 0.00706463
295 20 0.0075047
296 20 0.00787563
297 20 0.00736532
298 20 0.0078391
299 20 0.0073923
300 20 0.00706688
301 20 0.00749514
302 20 0.00705395
303 20 0.00726022
304 20 0.00725854
305 20 0.00736925
306 20 0.00725685
307 20 0.00756595
308 20 0.00723492
309 20 0.00745973
310 20 0.00720345
311 20 0.00767331
312 20 0.00851353
313 20 0.00826286
314 20 0.00812517
315 20 0.00858322
316 20 0.00769803
317 20 0.00710454
318 20 0.00807908
319 20 0.00859446
320 20 0.00784865
321 20 0.0076778
322 20 0.00794925
323 20 0.00808751
324 20 0.0083112
325 20 0.00806672
326 20 0.00806785
327 20 0.00734958
328 20 0.00736026
329 20 0.00753674
330 20 0.00777672
331 20 0.00886367
332 20 0.00845621
333 20 0.00773063
334 20 0.00830109
335 20 0.00787676
336 20 0.00762329
337 20 0.00790654
338 20 0.00784754
339 20 0.00672349
340 20 0.00715793
341 20 0.00736588
342 20 0.00752436
343 20 0.00770927
344 20 0.00755359
345 20 0.00723099
346 20 0.00723661
347 20 0.00702361
348 20 0.00778684
349 20 0.0076289
350 20 0.00828872
351 20 0.00783572
352 20 0.00656275
353 20 0.00618619
354 20 0.00691851
355 20 0.00736869
356 20 0.0074114
357 20 0.00704159
358 20 0.0070118
359 20 0.00703485
360 20 0.00693424
361 20 0.00723549
362 20 0.0065515
363 20 0.0063385
364 20 0.00658073
365 20 0.00669426
366 20 0.00644922
367 20 0.00639189
368 20 0.00661783
369 20 0.00682353
370 20 0.00688029
371 20 0.0074929
372 20 0.00782673
373 20 0.00812686
374 20 0.00846801
375 20 0.00743726
376 20 0.00790373
377 20 0.00848936
378 20 0.00831289
379 20 0.0083601
380 20 0.00786889
381 20 0.00777728
382 20 0.00760248
383 20 0.00716242
384 20 0.00736082
385 20 0.00718266
386 20 0.00709386
387 20 0.00749739
388 20 0.00774299
389 20 0.00790879
390 20 0.00827298
391 20 0.00873441
392 20 0.00819261
393 20 0.00801052
394 20 0.00806897
395 20 0.00822184
396 20 0.00770646
397 20 0.00773512
398 20 0.00771939
399 20 0.00788912
400 20 0.00814765
401 20 0.0082387
402 20 0.00865179
403 20 0.0080049
404 20 0.00810718
405 20 0.00783854
406 20 0.00934195
407 20 0.0082061
408 20 0.00837076
409 20 0.00955158
410 20 0.00958699
411 20 0.0105177
412 20 0.0106408
413 20 0.0104165
414 20 0.0117823
415 20 0.0141293
416 20 0.0156406
417 20 0.0179836
418 20 0.0233633
419 20 0.0294298
420 20 0.038629
421 20 0.0535541
422 20 0.0722846
423 20 0.0955176
424 20 0.125816
425 20 0.165299
426 20 0.219374
427 20 0.270942
428 20 0.323877
429 20 0.379684
430 20 0.436633
431 20 0.499012
432 20 0.549556
433 20 0.587413
434 20 0.619903
435 20 0.652601
436 20 0.68854
437 20 0.708686
438 20 0.723908
439 20 0.733612
440 20 0.741272
441 20 0.750437
442 20 0.762031
443 20 0.767657
444 20 0.771245
445 20 0.775639
446 20 0.768633
447 20 0.772571
448 20 0.781011
449 20 0.776498
450 20 0.778614
451 20 0.77681
452 20 0.77738
453 20 0.777076
454 20 0.785815
455 20 0.783769
456 20 0.779199
457 20 0.777059
458 20 0.783613
459 20 0.782891
460 20 0.781393
461 20 0.783716
462 20 0.782304
463 20 0.779853
464 20 0.781524
465 20 0.78334
466 20 0.781201
467 20 0.783274
468 20 0.778111
469 20 0.781866
470 20 0.778019
471 20 0.780676
472 20 0.781967
473 20 0.784302
474 20 0.780572
475 20 0.780487
476 20 0.781504
477 20 0.780637
478 20 0.785005
479 20 0.777866
480 20 0.77387
481 20 0.786418
482 20 0.777523
483 20 0.779741
484 20 0.782515
485 20 0.777522
486 20 0.778028
487 20 0.780812
488 20 0.779719
489 20 0.777302
490 20 0.77899
491 20 0.778801
492 20 0.778558
493 20 0.77924
494 20 0.7817
495 20 0.781812
496 20 0.774402
497 20 0.783868
498 20 0.785942
499 20 0.778446
500 20 0.786908
501 20 0.7723
502 20 0.777465
503 20 0.788286
504 20 0.786881
505 20 0.77937
506 20 0.774582
507 20 0.778327
508 20 0.778426
509 20 0.788349
510 20 0.780535
511 20 0.775935
512 20 0.774187
513 20 0.783292
514 20 0.789145
515 20 0.782066
516 20 0.7803
517 20 0.773542
518 20 0.776276
519 20 0.787312
520 20 0.78538
521 20 0.783916
522 20 0.774648
523 20 0.777073
524 20 0.781615
525 20 0.782375
526 20 0.782438
527 20 0.778119
528 20 0.77725
529 20 0.77956
530 20 0.781282
531 20 0.784574
532 20 0.775125
533 20 0.78028
534 20 0.777426
535 20 0.7805
536 20 0.784833
537 20 0.77647
538 20 0.777075
539 20 0.777669
540 20 0.779593
541 20 0.77857
542 20 0.776736
543 20 0.777628
544 20 0.772281
545 20 0.779256
546 20 0.779914
547 20 0.776045
548 20 0.772565
549 20 0.769671
550 20 0.775795
551 20 0.77589
552 20 0.769972
553 20 0.763947
554 20 0.760115
555 20 0.768404
556 20 0.764157
557 20 0.761333
558 20 0.755413
559 20 0.748154
560 20 0.74534
561 20 0.738702
562 20 0.736203
563 20 0.729584
564 20 0.707103
565 20 0.69433
566 20 0.675917
567 20 0.656041
568 20 0.631075
569 20 0.59567
570 20 0.54826
571 20 0.506101
572 20 0.45107
573 20 0.400397
574 20 0.347034
575 20 0.293595
576 20 0.240726
577 20 0.189763
578 20 0.149396
579 20 0.113325
580 20 0.0863914
581 20 0.0660119
582 20 0.0483717
583 20 0.0348949
584 20 0.0273599
585 20 0.0221139
586 20 0.0172935
587 20 0.0141028
588 20 0.0123347
589 20 0.0104902
590 20 0.0107914
591 20 0.00947571
592 20 0.00848542
593 20 0.0086293
594 20 0.00867707
595 20 0.00807797
596 20 0.0081617
597 20 0.00814484
598 20 0.00773906
599 20 0.00804818
600 20 0.00763902
601 20 0.00774637
602 20 0.00766487
603 20 0.00773175
604 20 0.00766881
605 20 0.00792509
606 20 0.00730574
607 20 0.00755078
608 20 0.00766094
609 20 0.00733721
610 20 0.00742264
611 20 0.00701911
612 20 0.00747603
613 20 0.00719278
614 20 0.00767836
615 20 0.00644022
616 20 0.00653689
617 20 0.00653127
618 20 0.00641943
619 20 0.00695728
620 20 0.00700956
621 20 0.00687692
622 20 0.00640201
623 20 0.00588439
624 20 0.00602545
625 20 0.00647732
626 20 0.00668021
627 20 0.00662625
628 20 0.00700731
629 20 0.0063104
630 20 0.00632108
631 20 0.00705114
632 20 0.00660321
633 20 0.00743332
634 20 0.00667684
635 20 0.00615359
636 20 0.0063503
637 20 0.00646046
638 20 0.00617832
639 20 0.00605468
640 20 0.00633962
641 20 0.00623958
642 20 0.00621542
643 20 0.00636098
644 20 0.00653858
645 20 0.00616259
646 20 0.00625588
647 20 0.00660096
648 20 0.00664648
649 20 0.00662457
650 20 0.00668303
651 20 0.00688872
652 20 0.00653802
653 20 0.0064554
654 20 0.00665435
655 20 0.00699944
656 20 0.00683532
657 20 0.00714668
658 20 0.00665267
659 20 0.00670213
660 20 0.00670437
661 20 0.00700281
662 20 0.00715231
663 20 0.00618001
664 20 0.00622778
665 20 0.00616596
666 20 0.00639638
667 20 0.00648406
668 20 0.00670494
669 20 0.00712083
670 20 0.00732709
671 20 0.00729956
672 20 0.00744681
673 20 0.00787619
674 20 0.00697133
675 20 0.00693874
676 20 0.00713488
677 20 0.00667908
678 20 0.00621485
679 20 0.00621822
680 20 0.00670887
681 20 0.00638065
682 20 0.00605805
683 20 0.0065324
684 20 0.00668864
685 20 0.0068741
686 20 0.0071214
687 20 0.00782336
688 20 0.00750132
689 20 0.00754572
690 20 0.00727539
691 20 0.00742657
692 20 0.00694155
693 20 0.00678756
694 20 0.00649586
695 20 0.0063503
696 20 0.00677631
697 20 0.00679318
698 20 0.0067988
699 20 0.00638796
700 20 0.00664761
701 20 0.00660096
702 20 0.00619462
703 20 0.00648294
704 20 0.0068269
705 20 0.00681116
706 20 0.00637278
707 20 0.00565564
708 20 0.00546792
709 20 0.00549209
710 20 0.00541397
711 20 0.00519984
712 20 0.00516106
713 20 0.00543476
714 20 0.00566688
715 20 0.00624633
716 20 0.00578603
717 20 0.00590911
718 20 0.00607772
719 20 0.00646214
720 20 0.00633737
721 20 0.00608728
722 20 0.00596531
723 20 0.00608165
724 20 0.00618732
725 20 0.00588382
726 20 0.00551401
727 20 0.00549434
728 20 0.00570734
729 20 0.00588832
730 20 0.00611875
731 20 0.00637109
732 20 0.00707531
733 20 0.00704384
734 20 0.0066285
735 20 0.00623171
736 20 0.00582088
737 20 0.00677069
738 20 0.00638515
739 20 0.00659478
740 20 0.0070843
741 20 0.0068505
742 20 0.00677519
743 20 0.00719277
744 20 0.00700899
745 20 0.0066448
746 20 0.00671786
747 20 0.00623341
748 20 0.00631489
749 20 0.0063784
750 20 0.00626768
751 20 0.00648069
752 20 0.00609683
753 20 0.00598892
754 20 0.00595632
755 20 0.0059344
756 20 0.0066094
757 20 0.0068949
758 20 0.00745805
759 20 0.00685724
760 20 0.00706295
761 20 0.00688535
762 20 0.00625532
763 20 0.00614235
764 20 0.00675833
765 20 0.00657736
766 20 0.00644697
767 20 0.00663413
768 20 0.00690839
769 20 0.00678137
770 20 0.00610245
771 20 0.00575231
772 20 0.00668245
773 20 0.00713939
774 20 0.00697977
775 20 0.00687635
776 20 0.00674372
777 20 0.00632726
778 20 0.00651048
779 20 0.00613392
780 20 0.00671056
781 20 0.00659759
782 20 0.00620193
783 20 0.00672685
784 20 0.00671674
785 20 0.00676283
786 20 0.0068949
787 20 0.00649924
788 20 0.00689209
789 20 0.00748165
790 20 0.00689828
791 20 0.00665042
792 20 0.00714444
793 20 0.0068432
794 20 0.00629578
795 20 0.00734621
796 20 0.00668189
797 20 0.00641268
798 20 0.00639695
799 20 0.00617158
800 20 0.0068016
801 20 0.00671899
802 20 0.00686792
803 20 0.00634861
804 20 0.00672067
805 20 0.00775536
806 20 0.0083837
807 20 0.00753279
808 20 0.00716411
809 20 0.00762441
810 20 0.00723044
811 20 0.00732204
812 20 0.00838313
813 20 0.00807065
814 20 0.00756652
815 20 0.00709049
816 20 0.00690221
817 20 0.00701798
818 20 0.00667908
819 20 0.00679261
820 20 0.00648856
821 20 0.00625981
822 20 0.0069067
823 20 0.00719165
824 20 0.00597206
825 20 0.00549602
826 20 0.00577366
827 20 0.0060676
828 20 0.00667852
829 20 0.00642168
830 20 0.00647395
831 20 0.00699382
832 20 0.0071939
833 20 0.0077621
834 20 0.00738217
835 20 0.00759799
836 20 0.00729169
837 20 0.00762047
838 20 0.0076986
839 20 0.00769972
840 20 0.0081263
841 20 0.00700056
842 20 0.00730686
843 20 0.00648181
844 20 0.0068016
845 20 0.00684207
846 20 0.00715287
847 20 0.00707419
848 20 0.00667571
849 20 0.0062615
850 20 0.00706969
851 20 0.00733834
852 20 0.00735688
853 20 0.00684825
854 20 0.00665098
855 20 0.00763283
856 20 0.00738892
857 20 0.0064672
858 20 0.00635142
859 20 0.00644416
860 20 0.00672405
861 20 0.00709498
862 20 0.00666503
863 20 0.00705227
864 20 0.00697527
865 20 0.00748446
866 20 0.00753785
867 20 0.00753618
868 20 0.00863605
869 20 0.00702923
870 20 0.00768455
871 20 0.00721413
872 20 0.00731192
873 20 0.00698932
874 20 0.00665491
875 20 0.00683364
876 20 0.00698145
877 20 0.00713713
878 20 0.00715175
879 20 0.00699213
880 20 0.00689097
881 20 0.00709667
882 20 0.00775424
883 20 0.00846295
884 20 0.00860232
885 20 0.00806953
886 20 0.00820778
887 20 0.00882883
888 20 0.00872822
889 20 0.00877206
890 20 0.00856636
891 20 0.00865684
892 20 0.00861581
893 20 0.00825613
894 20 0.00865347
895 20 0.00765195
896 20 0.00835335
897 20 0.00881758
898 20 0.00829153
899 20 0.00854276
900 20 0.00915985
901 20 0.00869113
902 20 0.00821678
903 20 0.00823251
904 20 0.00849948
905 20 0.00875913
906 20 0.00898113
907 20 0.0087181
908 20 0.00868663
909 20 0.00833873
910 20 0.00830108
911 20 0.00795151
912 20 0.00778346
913 20 0.00683758
914 20 0.00668358
915 20 0.00633512
916 20 0.00625082
917 20 0.00587595
918 20 0.00612662
919 20 0.00717086
920 20 0.00733778
921 20 0.0076289
922 20 0.0072619
923 20 0.00734621
924 20 0.00776548
925 20 0.0075165
926 20 0.00746648
927 20 0.00799085
928 20 0.00786832
929 20 0.0078672
930 20 0.00847868
931 20 0.00838989
932 20 0.0084843
933 20 0.00867989
934 20 0.0075446
935 20 0.00752999
936 20 0.00747266
937 20 0.00743781
938 20 0.00776154
939 20 0.0070888
940 20 0.00776716
941 20 0.00758844
942 20 0.00779864
943 20 0.00756315
944 20 0.00723324
945 20 0.0073833
946 20 0.00714669
947 20 0.00672292
948 20 0.00709105
949 20 0.0072456
950 20 0.00663356
951 20 0.00636041
952 20 0.00638458
953 20 0.00669369
954 20 0.00647394
955 20 0.00630309
956 20 0.00672911
957 20 0.00649699
958 20 0.00639414
959 20 0.00638571
960 20 0.00610976
961 20 0.00645652
962 20 0.00673754
963 20 0.00719783
964 20 0.00758507
965 20 0.00830839
966 20 0.00772669
967 20 0.00747322
968 20 0.00702698
969 20 0.0078554
970 20 0.00745973
971 20 0.00723043
972 20 0.0075002
973 20 0.0079723
974 20 0.00819711
975 20 0.00792003
976 20 0.00757382
977 20 0.00748446
978 20 0.0076171
979 20 0.00835335
980 20 0.00841517
981 20 0.00816563
982 20 0.00787114
983 20 0.0079234
984 20 0.00778008
985 20 0.00767723
986 20 0.00822858
987 20 0.0081246
988 20 0.00765925
989 20 0.00738499
990 20 0.00748783
991 20 0.00733384
992 20 0.00771208
993 20 0.00801108
994 20 0.00754292
995 20 0.00809089
996 20 0.00813135
997 20 0.00841967
998 20 0.00833537
999 20 0.00901711
1000 20 0.00965724
