1 20 0.00960717
2 20 0.00997136
3 20 0.0105525
4 20 0.00990504
5 20 0.00909911
6 20 0.00890802
7 20 0.00930312
8 20 0.00989605
9 20 0.010086
10 20 0.0103608
11 20 0.0102878
12 20 0.0110684
13 20 0.0108801
14 20 0.0109111
15 20 0.011459
16 20 0.0121037
17 20 0.0127208
18 20 0.0130883
19 20 0.0122756
20 20 0.0120261
21 20 0.012265
22 20 0.0131142
23 20 0.0114956
24 20 0.0111106
25 20 0.0110207
26 20 0.0116658
27 20 0.0111286
28 20 0.0113343
29 20 0.0101563
30 20 0.00931043
31 20 0.00886306
32 20 0.00855507
33 20 0.00794416
34 20 0.00768506
35 20 0.00749454
36 20 0.00749117
37 20 0.00764066
38 20 0.00753782
39 20 0.00744115
40 20 0.0078222
41 20 0.00831846
42 20 0.007902
43 20 0.00817683
44 20 0.00830666
45 20 0.00748949
46 20 0.00731526
47 20 0.00779522
48 20 0.00778229
49 20 0.00802789
50 20 0.0088209
51 20 0.00886306
52 20 0.00805824
53 20 0.00856294
54 20 0.00820156
55 20 0.00775588
56 20 0.00796889
57 20 0.00795708
58 20 0.0090828
59 20 0.00796608
60 20 0.00848987
61 20 0.00799193
62 20 0.00777555
63 20 0.00806386
64 20 0.00730514
65 20 0.00730963
66 20 0.00737146
67 20 0.0075277
68 20 0.00730177
69 20 0.00800991
70 20 0.00733548
71 20 0.00649639
72 20 0.00691172
73 20 0.00702413
74 20 0.0073945
75 20 0.00742766
76 20 0.00732987
77 20 0.00767607
78 20 0.00700614
79 20 0.00719217
80 20 0.00622493
81 20 0.00629406
82 20 0.00658013
83 20 0.00604228
84 20 0.00659699
85 20 0.00685777
86 20 0.00693476
87 20 0.00676841
88 20 0.00700671
89 20 0.00672682
90 20 0.00727086
91 20 0.0067167
92 20 0.00675098
93 20 0.00691791
94 20 0.00696174
95 20 0.00726973
96 20 0.0069342
97 20 0.0067257
98 20 0.00687013
99 20 0.00643176
100 20 0.00675998
101 20 0.00614794
102 20 0.00621706
103 20 0.00631261
104 20 0.00649583
105 20 0.00671221
106 20 0.00621313
107 20 0.00582478
108 20 0.00651101
109 20 0.00629406
110 20 0.00608836
111 20 0.00678583
112 20 0.00641827
113 20 0.00649752
114 20 0.00672232
115 20 0.00704155
116 20 0.00676616
117 20 0.00723039
118 20 0.00721971
119 20 0.0075232
120 20 0.00779241
121 20 0.00782051
122 20 0.00769462
123 20 0.0073945
124 20 0.00727479
125 20 0.00770979
126 20 0.00799305
127 20 0.00792786
128 20 0.00831677
129 20 0.00886418
130 20 0.00898108
131 20 0.00829036
132 20 0.00823865
133 20 0.0078503
134 20 0.0084348
135 20 0.00934864
136 20 0.00837298
137 20 0.00830385
138 20 0.0086242
139 20 0.0090148
140 20 0.00939586
141 20 0.00909068
142 20 0.00962347
143 20 0.0086478
144 20 0.00782276
145 20 0.00837522
146 20 0.00868994
147 20 0.00923849
148 20 0.00966057
149 20 0.00985502
150 20 0.0109319
151 20 0.0100776
152 20 0.00871862
153 20 0.00920026
154 20 0.00960605
155 20 0.00967968
156 20 0.00951444
157 20 0.00952119
158 20 0.00948465
159 20 0.00986402
160 20 0.00969091
161 20 0.00962009
162 20 0.00892488
163 20 0.00849043
164 20 0.00858486
165 20 0.00838703
166 20 0.00857587
167 20 0.008559
168 20 0.00789582
169 20 0.00862196
170 20 0.00774576
171 20 0.00741192
172 20 0.00730008
173 20 0.00780309
174 20 0.0083859
175 20 0.00763672
176 20 0.00766933
177 20 0.00808691
178 20 0.00823641
179 20 0.00782556
180 20 0.00809253
181 20 0.00825888
182 20 0.00836005
183 20 0.00894174
184 20 0.00897097
185 20 0.00821392
186 20 0.00879673
187 20 0.00921882
188 20 0.00956838
189 20 0.00946948
190 20 0.0102215
191 20 0.00971958
192 20 0.00984828
193 20 0.0106205
194 20 0.0101613
195 20 0.0104081
196 20 0.0107812
197 20 0.0104378
198 20 0.010272
199 20 0.00976117
200 20 0.0102973
201 20 0.0107104
202 20 0.0113854
203 20 0.0113022
204 20 0.0110145
205 20 0.0110622
206 20 0.00949252
207 20 0.00934415
208 20 0.0101422
209 20 0.00959256
210 20 0.0086079
211 20 0.00982299
212 20 0.00986795
213 20 0.00937281
214 20 0.00944587
215 20 0.0100619
216 20 0.00883158
217 20 0.00897546
218 20 0.00903054
219 20 0.00888442
220 20 0.00894229
221 20 0.00879618
222 20 0.00843143
223 20 0.00876301
224 20 0.00967517
225 20 0.00968136
226 20 0.00902717
227 20 0.00944532
228 20 0.00961729
229 20 0.00965945
230 20 0.00949197
231 20 0.00968922
232 20 0.00930649
233 20 0.00952118
234 20 0.0100787
235 20 0.00938125
236 20 0.00946779
237 20 0.0098938
238 20 0.00930649
239 20 0.00938068
240 20 0.0092812
241 20 0.00912552
242 20 0.00993146
243 20 0.00965551
244 20 0.0102866
245 20 0.00970271
246 20 0.0103906
247 20 0.0099972
248 20 0.00953917
249 20 0.00939136
250 20 0.00916655
251 20 0.0102462
252 20 0.00954366
253 20 0.00875739
254 20 0.00847919
255 20 0.00806892
256 20 0.0084258
257 20 0.00870344
258 20 0.00904234
259 20 0.00943744
260 20 0.0100624
261 20 0.0103136
262 20 0.0103861
263 20 0.0101726
264 20 0.00998766
265 20 0.0105806
266 20 0.0106874
267 20 0.0106964
268 20 0.0105266
269 20 0.0107211
270 20 0.0110015
271 20 0.0107734
272 20 0.0110251
273 20 0.0101861
274 20 0.0103001
275 20 0.0102237
276 20 0.0104547
277 20 0.0105991
278 20 0.0106171
279 20 0.0111111
280 20 0.0110341
281 20 0.00983928
282 20 0.010566
283 20 0.00964034
284 20 0.00924411
285 20 0.00926096
286 20 0.00972013
287 20 0.0091036
288 20 0.00951837
289 20 0.0101905
290 20 0.0101315
291 20 0.0100602
292 20 0.00914239
293 20 0.00912271
294 20 0.00895691
295 20 0.00859554
296 20 0.00863263
297 20 0.00858261
298 20 0.00804869
299 20 0.00819482
300 20 0.00901705
301 20 0.00903334
302 20 0.00886587
303 20 0.00836791
304 20 0.00864498
305 20 0.00865286
306 20 0.0086079
307 20 0.00898839
308 20 0.00890352
309 20 0.00891251
310 20 0.00870344
311 20 0.00870625
312 20 0.00978196
313 20 0.00910079
314 20 0.00779916
315 20 0.00792842
316 20 0.00841962
317 20 0.0086894
318 20 0.00868434
319 20 0.00865286
320 20 0.00871749
321 20 0.00864893
322 20 0.00931098
323 20 0.00906763
324 20 0.00797844
325 20 0.00808466
326 20 0.00803464
327 20 0.00865455
328 20 0.00845503
329 20 0.00824315
330 20 0.00839771
331 20 0.0085236
332 20 0.00948409
333 20 0.00849493
334 20 0.00873154
335 20 0.00920589
336 20 0.00920251
337 20 0.0095476
338 20 0.00912833
339 20 0.00937394
340 20 0.00977522
341 20 0.00917329
342 20 0.00910023
343 20 0.00883327
344 20 0.00945093
345 20 0.0101046
346 20 0.0102024
347 20 0.00929076
348 20 0.00856462
349 20 0.00848988
350 20 0.00886362
351 20 0.00843199
352 20 0.00880516
353 20 0.00925703
354 20 0.00907326
355 20 0.00837972
356 20 0.00763561
357 20 0.00882371
358 20 0.00919634
359 20 0.00965663
360 20 0.00981288
361 20 0.0089704
362 20 0.00962179
363 20 0.00888891
364 20 0.00944305
365 20 0.00966394
366 20 0.00928401
367 20 0.00873267
368 20 0.00933066
369 20 0.00844661
370 20 0.00873492
371 20 0.00904234
372 20 0.00939529
373 20 0.00894117
374 20 0.00855732
375 20 0.00837016
376 20 0.00885913
377 20 0.00881528
378 20 0.00866972
379 20 0.00813637
380 20 0.00788402
381 20 0.00820212
382 20 0.0085191
383 20 0.00878943
384 20 0.00947341
385 20 0.00886306
386 20 0.008115
387 20 0.00837128
388 20 0.00771204
389 20 0.0078458
390 20 0.00875796
391 20 0.00977972
392 20 0.0088816
393 20 0.00924242
394 20 0.00985109
395 20 0.00976678
396 20 0.00892095
397 20 0.00878831
398 20 0.00838197
399 20 0.00861746
400 20 0.00847976
401 20 0.0083252
402 20 0.00845447
403 20 0.00843873
404 20 0.00846683
405 20 0.00867591
406 20 0.00842637
407 20 0.00880349
408 20 0.0092368
409 20 0.00933347
410 20 0.0103046
411 20 0.0101776
412 20 0.0120654
413 20 0.01251
414 20 0.0129265
415 20 0.0159518
416 20 0.0183606
417 20 0.0236925
418 20 0.0311443
419 20 0.0415085
420 20 0.0557445
421 20 0.0757255
422 20 0.103834
423 20 0.13723
424 20 0.176765
425 20 0.228107
426 20 0.283962
427 20 0.338053
428 20 0.395708
429 20 0.458116
430 20 0.511769
431 20 0.566642
432 20 0.613464
433 20 0.637093
434 20 0.665231
435 20 0.694356
436 20 0.717081
437 20 0.72974
438 20 0.735585
439 20 0.744128
440 20 0.754957
441 20 0.755636
442 20 0.764846
443 20 0.764153
444 20 0.770253
445 20 0.766887
446 20 0.765411
447 20 0.772993
448 20 0.777017
449 20 0.773804
450 20 0.769878
451 20 0.773589
452 20 0.775212
453 20 0.771543
454 20 0.776294
455 20 0.776895
456 20 0.772647
457 20 0.77698
458 20 0.775066
459 20 0.772148
460 20 0.777517
461 20 0.774848
462 20 0.77513
463 20 0.777727
464 20 0.77182
465 20 0.776546
466 20 0.779019
467 20 0.773003
468 20 0.767717
469 20 0.777976
470 20 0.779244
471 20 0.771647
472 20 0.76844
473 20 0.779462
474 20 0.775729
475 20 0.775556
476 20 0.776053
477 20 0.767595
478 20 0.776579
479 20 0.778934
480 20 0.776471
481 20 0.769018
482 20 0.769667
483 20 0.775078
484 20 0.776947
485 20 0.778097
486 20 0.769723
487 20 0.770406
488 20 0.774426
489 20 0.779271
490 20 0.778526
491 20 0.768646
492 20 0.770436
493 20 0.778479
494 20 0.777668
495 20 0.773793
496 20 0.774821
497 20 0.770399
498 20 0.775184
499 20 0.778886
500 20 0.772683
501 20 0.77124
502 20 0.775087
503 20 0.777899
504 20 0.779963
505 20 0.775962
506 20 0.769031
507 20 0.774173
508 20 0.781466
509 20 0.780907
510 20 0.769486
511 20 0.769117
512 20 0.777668
513 20 0.781479
514 20 0.772652
515 20 0.775936
516 20 0.772282
517 20 0.771812
518 20 0.77897
519 20 0.773271
520 20 0.778524
521 20 0.776472
522 20 0.771045
523 20 0.779134
524 20 0.776076
525 20 0.769946
526 20 0.774596
527 20 0.775558
528 20 0.776615
529 20 0.776126
530 20 0.77374
531 20 0.767514
532 20 0.777
533 20 0.777721
534 20 0.775171
535 20 0.772883
536 20 0.774315
537 20 0.770108
538 20 0.78247
539 20 0.778422
540 20 0.771802
541 20 0.766862
542 20 0.77575
543 20 0.774095
544 20 0.781274
545 20 0.777519
546 20 0.763804
547 20 0.77417
548 20 0.779761
549 20 0.775739
550 20 0.775559
551 20 0.770364
552 20 0.768584
553 20 0.771768
554 20 0.773197
555 20 0.76872
556 20 0.759711
557 20 0.766327
558 20 0.754869
559 20 0.748575
560 20 0.745948
561 20 0.7431
562 20 0.724302
563 20 0.707742
564 20 0.687039
565 20 0.670473
566 20 0.64339
567 20 0.615512
568 20 0.566229
569 20 0.526874
570 20 0.478271
571 20 0.425954
572 20 0.367735
573 20 0.309716
574 20 0.253836
575 20 0.206271
576 20 0.160271
577 20 0.12032
578 20 0.0879393
579 20 0.0663122
580 20 0.0500288
581 20 0.037924
582 20 0.0280504
583 20 0.0216586
584 20 0.0167634
585 20 0.0137172
586 20 0.012143
587 20 0.0117355
588 20 0.0107756
589 20 0.0104328
590 20 0.00975217
591 20 0.00861071
592 20 0.00850729
593 20 0.0079228
594 20 0.00734729
595 20 0.00727029
596 20 0.00753669
597 20 0.00836118
598 20 0.00771766
599 20 0.00830722
600 20 0.00800766
601 20 0.00749285
602 20 0.00692971
603 20 0.00719385
604 20 0.00713316
605 20 0.00665038
606 20 0.00704324
607 20 0.00684653
608 20 0.00747319
609 20 0.007689
610 20 0.00801947
611 20 0.00781994
612 20 0.0077289
613 20 0.00723657
614 20 0.00803014
615 20 0.00794134
616 20 0.00839096
617 20 0.0079908
618 20 0.00740518
619 20 0.00760919
620 20 0.00710562
621 20 0.00709607
622 20 0.00729895
623 20 0.00782894
624 20 0.00773058
625 20 0.0075721
626 20 0.0078548
627 20 0.00759402
628 20 0.00764628
629 20 0.00759064
630 20 0.00758277
631 20 0.00801721
632 20 0.00771261
633 20 0.00842749
634 20 0.00765921
635 20 0.00780197
636 20 0.00742091
637 20 0.00861521
638 20 0.00775644
639 20 0.0073619
640 20 0.00742485
641 20 0.00827237
642 20 0.00792448
643 20 0.00862026
644 20 0.00774351
645 20 0.00764741
646 20 0.00780252
647 20 0.00748386
648 20 0.00854777
649 20 0.00724219
650 20 0.00741755
651 20 0.00705504
652 20 0.00706627
653 20 0.00741754
654 20 0.00753725
655 20 0.00811333
656 20 0.00715002
657 20 0.00719667
658 20 0.00729109
659 20 0.00698535
660 20 0.00688474
661 20 0.00685946
662 20 0.00692521
663 20 0.00721746
664 20 0.00703593
665 20 0.00786266
666 20 0.00834543
667 20 0.00751702
668 20 0.00715564
669 20 0.00746644
670 20 0.00710675
671 20 0.00696961
672 20 0.00708427
673 20 0.00724051
674 20 0.0073383
675 20 0.00722533
676 20 0.00755805
677 20 0.00722083
678 20 0.00758222
679 20 0.0074552
680 20 0.00715564
681 20 0.00821786
682 20 0.00844884
683 20 0.00769462
684 20 0.00761313
685 20 0.0076075
686 20 0.00758109
687 20 0.00755973
688 20 0.00886136
689 20 0.00782388
690 20 0.00759401
691 20 0.00738382
692 20 0.00682124
693 20 0.00679594
694 20 0.00722927
695 20 0.00708314
696 20 0.00726355
697 20 0.00737651
698 20 0.00649808
699 20 0.00687014
700 20 0.00760582
701 20 0.00704436
702 20 0.0067611
703 20 0.00738382
704 20 0.00706628
705 20 0.00670097
706 20 0.00718093
707 20 0.00652449
708 20 0.00621819
709 20 0.0063823
710 20 0.00647054
711 20 0.00639579
712 20 0.00645255
713 20 0.00678302
714 20 0.00692634
715 20 0.00715733
716 20 0.00693926
717 20 0.00695444
718 20 0.00680944
719 20 0.00678414
720 20 0.00660542
721 20 0.00691397
722 20 0.00712472
723 20 0.00674649
724 20 0.00737089
725 20 0.00677684
726 20 0.00660654
727 20 0.00678751
728 20 0.00705673
729 20 0.00767888
730 20 0.00731413
731 20 0.00726242
732 20 0.00674874
733 20 0.00708988
734 20 0.00664476
735 20 0.00715396
736 20 0.0069151
737 20 0.00721072
738 20 0.00684259
739 20 0.0073737
740 20 0.00765978
741 20 0.00733942
742 20 0.00677459
743 20 0.00690385
744 20 0.00701345
745 20 0.00691285
746 20 0.00689992
747 20 0.00646604
748 20 0.00628114
749 20 0.0063143
750 20 0.00613558
751 20 0.00658238
752 20 0.00670321
753 20 0.00707696
754 20 0.00795089
755 20 0.00832127
756 20 0.00730795
757 20 0.00702806
758 20 0.006588
759 20 0.00699827
760 20 0.0067729
761 20 0.00677009
762 20 0.00663296
763 20 0.0068707
764 20 0.00693477
765 20 0.00615637
766 20 0.00625191
767 20 0.0064919
768 20 0.00639017
769 20 0.00684372
770 20 0.00694038
771 20 0.00681899
772 20 0.00649021
773 20 0.00640534
774 20 0.00672176
775 20 0.00674536
776 20 0.00620021
777 20 0.00625585
778 20 0.00643345
779 20 0.00639635
780 20 0.00653236
781 20 0.00655709
782 20 0.00640253
783 20 0.00628901
784 20 0.00644131
785 20 0.00728996
786 20 0.00813468
787 20 0.00723657
788 20 0.00699884
789 20 0.00757716
790 20 0.00738776
791 20 0.00729896
792 20 0.00768394
793 20 0.0076845
794 20 0.00739787
795 20 0.00790312
796 20 0.00755412
797 20 0.00769012
798 20 0.00787221
799 20 0.00824596
800 20 0.00896254
801 20 0.00863881
802 20 0.00794865
803 20 0.00817964
804 20 0.00830778
805 20 0.00888947
806 20 0.00854776
807 20 0.00782669
808 20 0.00877988
809 20 0.00869164
810 20 0.00826955
811 20 0.00823359
812 20 0.0081729
813 20 0.00838647
814 20 0.00800935
815 20 0.00768675
816 20 0.00790482
817 20 0.00771261
818 20 0.00731413
819 20 0.00679594
820 20 0.00739338
821 20 0.00717081
822 20 0.00727029
823 20 0.00738663
824 20 0.00769405
825 20 0.00734673
826 20 0.00768956
827 20 0.00757547
828 20 0.00749173
829 20 0.00780534
830 20 0.00766034
831 20 0.00762493
832 20 0.00848763
833 20 0.00823416
834 20 0.00788514
835 20 0.00819481
836 20 0.00722083
837 20 0.00748161
838 20 0.00755187
839 20 0.00701963
840 20 0.00724557
841 20 0.00737932
842 20 0.00741922
843 20 0.00739562
844 20 0.00719611
845 20 0.00749903
846 20 0.0079419
847 20 0.00809646
848 20 0.0080071
849 20 0.00756311
850 20 0.0073338
851 20 0.00728209
852 20 0.00775588
853 20 0.00802621
854 20 0.00750971
855 20 0.00714159
856 20 0.00748892
857 20 0.00792336
858 20 0.00718149
859 20 0.0075395
860 20 0.00729109
861 20 0.00770698
862 20 0.00753949
863 20 0.00791211
864 20 0.00754624
865 20 0.00784749
866 20 0.00777554
867 20 0.00866635
868 20 0.0097089
869 20 0.0094869
870 20 0.00787615
871 20 0.00813412
872 20 0.0080678
873 20 0.00771766
874 20 0.00791999
875 20 0.00758615
876 20 0.00799024
877 20 0.00845335
878 20 0.00791999
879 20 0.00793404
880 20 0.00780365
881 20 0.00859835
882 20 0.00845672
883 20 0.008568
884 20 0.00764516
885 20 0.00818919
886 20 0.00770754
887 20 0.0077452
888 20 0.00790032
889 20 0.00809309
890 20 0.0076963
891 20 0.00717981
892 20 0.00780983
893 20 0.0081521
894 20 0.00809478
895 20 0.00781545
896 20 0.00803183
897 20 0.00843424
898 20 0.00728996
899 20 0.00709101
900 20 0.0085146
901 20 0.00813748
902 20 0.00894118
903 20 0.00891195
904 20 0.00796214
905 20 0.00809196
906 20 0.00813468
907 20 0.00827181
908 20 0.00839039
909 20 0.00822516
910 20 0.00808466
911 20 0.00865679
912 20 0.00844716
913 20 0.00888891
914 20 0.00885743
915 20 0.00867421
916 20 0.00870625
917 20 0.00847133
918 20 0.00936269
919 20 0.00997248
920 20 0.00873379
921 20 0.00928738
922 20 0.00920196
923 20 0.00941721
924 20 0.00949196
925 20 0.0093464
926 20 0.00912383
927 20 0.00941496
928 20 0.0100871
929 20 0.00933122
930 20 0.0100163
931 20 0.00965045
932 20 0.00898051
933 20 0.00938349
934 20 0.00920589
935 20 0.00973924
936 20 0.00988762
937 20 0.00936775
938 20 0.00899627
939 20 0.009814
940 20 0.00958919
941 20 0.00947004
942 20 0.0097651
943 20 0.00991515
944 20 0.010652
945 20 0.00985951
946 20 0.00958806
947 20 0.00928345
948 20 0.00954704
949 20 0.00960549
950 20 0.0109038
951 20 0.00984434
952 20 0.00979938
953 20 0.00898333
954 20 0.00978982
955 20 0.00914688
956 20 0.0094262
957 20 0.00927502
958 20 0.00959762
959 20 0.0085264
960 20 0.00948183
961 20 0.00930143
962 20 0.00991853
963 20 0.00810714
964 20 0.00822797
965 20 0.00850449
966 20 0.00872592
967 20 0.00909798
968 20 0.00916992
969 20 0.00920252
970 20 0.00863375
971 20 0.00901649
972 20 0.0089749
973 20 0.00835948
974 20 0.00850674
975 20 0.00856462
976 20 0.00874897
977 20 0.00828586
978 20 0.00795708
979 20 0.00775194
980 20 0.00758221
981 20 0.00746756
982 20 0.00807735
983 20 0.00889621
984 20 0.00899513
985 20 0.00764909
986 20 0.0075603
987 20 0.00898839
988 20 0.00826788
989 20 0.00838871
990 20 0.00898951
991 20 0.00879674
992 20 0.00876864
993 20 0.00959649
994 20 0.00948184
995 20 0.00959537
996 20 0.00973475
997 20 0.0103518
998 20 0.0106548
999 20 0.00969485
1000 20 0.00938629
