T,Tot_en,Heat_cap_diff,Heat_cap_fluct
160,1979.55489668327,12.3932870925933,10.3447362314541
170,2108.68631413022,12.4110373472677,11.1368623865537
180,2233.06663751255,12.407774652801,11.4325204609429
190,2362.62786662755,12.4052214017388,10.0718034018604
200,2490.58527162188,12.4133583173354,12.581044557474
210,2619.2594425333,12.4102998635886,12.8052863117422
220,2736.60049659072,12.4138956219314,11.4197030097132
230,2847.06535047724,12.4076040132412,8.77930899931856
240,2975.87560053489,12.4129721288384,11.6719127159439
