  PAW_GGA Ge_h 08Apr2002                 
 100
Core Pot   L  =         .00000   -.86621
  -.20000000E+01  .56387259E+00
  -.19600000E+01  .54239089E+00
  -.19200000E+01  .52064455E+00
  -.18800000E+01  .49862687E+00
  -.18400000E+01  .47633083E+00
  -.18000000E+01  .45374921E+00
  -.17600000E+01  .43087453E+00
  -.17200000E+01  .40769900E+00
  -.16800000E+01  .38421458E+00
  -.16400000E+01  .36041293E+00
  -.16000000E+01  .33628536E+00
  -.15600000E+01  .31182289E+00
  -.15200000E+01  .28701617E+00
  -.14800000E+01  .26185551E+00
  -.14400000E+01  .23633082E+00
  -.14000000E+01  .21043163E+00
  -.13600000E+01  .18414704E+00
  -.13200000E+01  .15746571E+00
  -.12800000E+01  .13037585E+00
  -.12400000E+01  .10286517E+00
  -.12000000E+01  .74920880E-01
  -.11600000E+01  .46529644E-01
  -.11200000E+01  .17677566E-01
  -.10800000E+01 -.11649849E-01
  -.10400000E+01 -.41467728E-01
  -.10000000E+01 -.71791861E-01
  -.96000000E+00 -.10263874E+00
  -.92000000E+00 -.13402559E+00
  -.88000000E+00 -.16597044E+00
  -.84000000E+00 -.19849212E+00
  -.80000000E+00 -.23161036E+00
  -.76000000E+00 -.26534580E+00
  -.72000000E+00 -.29972009E+00
  -.68000000E+00 -.33475589E+00
  -.64000000E+00 -.37047698E+00
  -.60000000E+00 -.40690834E+00
  -.56000000E+00 -.44407618E+00
  -.52000000E+00 -.48200802E+00
  -.48000000E+00 -.52073282E+00
  -.44000000E+00 -.56028106E+00
  -.40000000E+00 -.60068479E+00
  -.36000000E+00 -.64197779E+00
  -.32000000E+00 -.68419569E+00
  -.28000000E+00 -.72737605E+00
  -.24000000E+00 -.77155854E+00
  -.20000000E+00 -.81678505E+00
  -.16000000E+00 -.86309991E+00
  -.12000000E+00 -.91054999E+00
  -.80000000E-01 -.95918494E+00
  -.40000000E-01 -.10090574E+01
   .12351231E-14 -.10602232E+01
   .40000000E-01 -.11127416E+01
   .80000000E-01 -.11666756E+01
   .12000000E+00 -.12220923E+01
   .16000000E+00 -.12790630E+01
   .20000000E+00 -.13376637E+01
   .24000000E+00 -.13979756E+01
   .28000000E+00 -.14600855E+01
   .32000000E+00 -.15240860E+01
   .36000000E+00 -.15900764E+01
   .40000000E+00 -.16581630E+01
   .44000000E+00 -.17284600E+01
   .48000000E+00 -.18010901E+01
   .52000000E+00 -.18761853E+01
   .56000000E+00 -.19538876E+01
   .60000000E+00 -.20343507E+01
   .64000000E+00 -.21177401E+01
   .68000000E+00 -.22042355E+01
   .72000000E+00 -.22940311E+01
   .76000000E+00 -.23873383E+01
   .80000000E+00 -.24843865E+01
   .84000000E+00 -.25854260E+01
   .88000000E+00 -.26907301E+01
   .92000000E+00 -.28005973E+01
   .96000000E+00 -.29153553E+01
   .10000000E+01 -.30353637E+01
   .10400000E+01 -.31610185E+01
   .10800000E+01 -.32927567E+01
   .11200000E+01 -.34310618E+01
   .11600000E+01 -.35764699E+01
   .12000000E+01 -.37295775E+01
   .12400000E+01 -.38910498E+01
   .12800000E+01 -.40616314E+01
   .13200000E+01 -.42421577E+01
   .13600000E+01 -.44335703E+01
   .14000000E+01 -.46369334E+01
   .14400000E+01 -.48534550E+01
   .14800000E+01 -.50845117E+01
   .15200000E+01 -.53316796E+01
   .15600000E+01 -.55967716E+01
   .16000000E+01 -.58818834E+01
   .16400000E+01 -.61894511E+01
   .16800000E+01 -.65223233E+01
   .17200000E+01 -.68838520E+01
   .17600000E+01 -.72780095E+01
   .18000000E+01 -.77095382E+01
   .18400000E+01 -.81841470E+01
   .18800000E+01 -.87087708E+01
   .19200000E+01 -.92919184E+01
   .19600000E+01 -.99441455E+01
   .20000000E+01 -.10678710E+02
Potential  L  =         .00000   -.86621
  -.20000000E+01  .62219509E+00
  -.19600000E+01  .60027737E+00
  -.19200000E+01  .57803382E+00
  -.18800000E+01  .55545373E+00
  -.18400000E+01  .53252587E+00
  -.18000000E+01  .50923849E+00
  -.17600000E+01  .48557923E+00
  -.17200000E+01  .46153516E+00
  -.16800000E+01  .43709272E+00
  -.16400000E+01  .41223764E+00
  -.16000000E+01  .38695493E+00
  -.15600000E+01  .36122885E+00
  -.15200000E+01  .33504281E+00
  -.14800000E+01  .30837936E+00
  -.14400000E+01  .28122009E+00
  -.14000000E+01  .25354560E+00
  -.13600000E+01  .22533543E+00
  -.13200000E+01  .19656794E+00
  -.12800000E+01  .16722029E+00
  -.12400000E+01  .13726829E+00
  -.12000000E+01  .10668634E+00
  -.11600000E+01  .75447338E-01
  -.11200000E+01  .43522505E-01
  -.10800000E+01  .10881311E-01
  -.10400000E+01 -.22508686E-01
  -.10000000E+01 -.56681991E-01
  -.96000000E+00 -.91675335E-01
  -.92000000E+00 -.12752786E+00
  -.88000000E+00 -.16428134E+00
  -.84000000E+00 -.20198036E+00
  -.80000000E+00 -.24067261E+00
  -.76000000E+00 -.28040914E+00
  -.72000000E+00 -.32124466E+00
  -.68000000E+00 -.36323786E+00
  -.64000000E+00 -.40645183E+00
  -.60000000E+00 -.45095444E+00
  -.56000000E+00 -.49681879E+00
  -.52000000E+00 -.54412378E+00
  -.48000000E+00 -.59295467E+00
  -.44000000E+00 -.64340371E+00
  -.40000000E+00 -.69557092E+00
  -.36000000E+00 -.74956490E+00
  -.32000000E+00 -.80550380E+00
  -.28000000E+00 -.86351635E+00
  -.24000000E+00 -.92374311E+00
  -.20000000E+00 -.98633788E+00
  -.16000000E+00 -.10514692E+01
  -.12000000E+00 -.11193224E+01
  -.80000000E-01 -.11901015E+01
  -.40000000E-01 -.12640315E+01
   .12351231E-14 -.13413618E+01
   .40000000E-01 -.14223689E+01
   .80000000E-01 -.15073606E+01
   .12000000E+00 -.15966802E+01
   .16000000E+00 -.16907122E+01
   .20000000E+00 -.17898886E+01
   .24000000E+00 -.18946962E+01
   .28000000E+00 -.20056857E+01
   .32000000E+00 -.21234826E+01
   .36000000E+00 -.22488006E+01
   .40000000E+00 -.23824573E+01
   .44000000E+00 -.25253939E+01
   .48000000E+00 -.26786999E+01
   .52000000E+00 -.28436429E+01
   .56000000E+00 -.30217073E+01
   .60000000E+00 -.32146419E+01
   .64000000E+00 -.34245222E+01
   .68000000E+00 -.36538302E+01
   .72000000E+00 -.39055591E+01
   .76000000E+00 -.41833521E+01
   .80000000E+00 -.44916889E+01
   .84000000E+00 -.48361405E+01
   .88000000E+00 -.52237235E+01
   .92000000E+00 -.56634007E+01
   .96000000E+00 -.61668073E+01
   .10000000E+01 -.67493263E+01
   .10400000E+01 -.74317304E+01
   .10800000E+01 -.82427688E+01
   .11200000E+01 -.92234027E+01
   .11600000E+01 -.10434061E+02
   .12000000E+01 -.11967762E+02
   .12400000E+01 -.13975514E+02
   .12800000E+01 -.16719842E+02
   .13200000E+01 -.20701044E+02
   .13600000E+01 -.27005171E+02
   .14000000E+01 -.38516070E+02
   .14400000E+01 -.66261670E+02
   .14800000E+01 -.22720269E+03
   .15200000E+01  .16336685E+03
   .15600000E+01  .60647323E+02
   .16000000E+01  .37434039E+02
   .16400000E+01  .27168290E+02
   .16800000E+01  .21375744E+02
   .17200000E+01  .17652953E+02
   .17600000E+01  .15056735E+02
   .18000000E+01  .13141394E+02
   .18400000E+01  .11668930E+02
   .18800000E+01  .10500678E+02
   .19200000E+01  .95503824E+01
   .19600000E+01  .87615700E+01
   .20000000E+01  .80957202E+01
Core Pot   L  =        1.00000   -.29016
  -.20000000E+01  .10369004E+01
  -.19600000E+01  .10212187E+01
  -.19200000E+01  .10054124E+01
  -.18800000E+01  .98947924E+00
  -.18400000E+01  .97341684E+00
  -.18000000E+01  .95722274E+00
  -.17600000E+01  .94089447E+00
  -.17200000E+01  .92442944E+00
  -.16800000E+01  .90782504E+00
  -.16400000E+01  .89107857E+00
  -.16000000E+01  .87418725E+00
  -.15600000E+01  .85714825E+00
  -.15200000E+01  .83995863E+00
  -.14800000E+01  .82261541E+00
  -.14400000E+01  .80511550E+00
  -.14000000E+01  .78745573E+00
  -.13600000E+01  .76963285E+00
  -.13200000E+01  .75164351E+00
  -.12800000E+01  .73348427E+00
  -.12400000E+01  .71515158E+00
  -.12000000E+01  .69664181E+00
  -.11600000E+01  .67795122E+00
  -.11200000E+01  .65907593E+00
  -.10800000E+01  .64001199E+00
  -.10400000E+01  .62075531E+00
  -.10000000E+01  .60130166E+00
  -.96000000E+00  .58164672E+00
  -.92000000E+00  .56178601E+00
  -.88000000E+00  .54171493E+00
  -.84000000E+00  .52142871E+00
  -.80000000E+00  .50092250E+00
  -.76000000E+00  .48019119E+00
  -.72000000E+00  .45922959E+00
  -.68000000E+00  .43803231E+00
  -.64000000E+00  .41659380E+00
  -.60000000E+00  .39490832E+00
  -.56000000E+00  .37296995E+00
  -.52000000E+00  .35077256E+00
  -.48000000E+00  .32830982E+00
  -.44000000E+00  .30557520E+00
  -.40000000E+00  .28256192E+00
  -.36000000E+00  .25926299E+00
  -.32000000E+00  .23567116E+00
  -.28000000E+00  .21177895E+00
  -.24000000E+00  .18757859E+00
  -.20000000E+00  .16306203E+00
  -.16000000E+00  .13822097E+00
  -.12000000E+00  .11304675E+00
  -.80000000E-01  .87530443E-01
  -.40000000E-01  .61662760E-01
   .12351231E-14  .35434074E-01
   .40000000E-01  .88343936E-02
   .80000000E-01 -.18146655E-01
   .12000000E+00 -.45519846E-01
   .16000000E+00 -.73296374E-01
   .20000000E+00 -.10148787E+00
   .24000000E+00 -.13010644E+00
   .28000000E+00 -.15916466E+00
   .32000000E+00 -.18867563E+00
   .36000000E+00 -.21865298E+00
   .40000000E+00 -.24911093E+00
   .44000000E+00 -.28006423E+00
   .48000000E+00 -.31152832E+00
   .52000000E+00 -.34351929E+00
   .56000000E+00 -.37605390E+00
   .60000000E+00 -.40914968E+00
   .64000000E+00 -.44282490E+00
   .68000000E+00 -.47709869E+00
   .72000000E+00 -.51199100E+00
   .76000000E+00 -.54752273E+00
   .80000000E+00 -.58371574E+00
   .84000000E+00 -.62059291E+00
   .88000000E+00 -.65817821E+00
   .92000000E+00 -.69649677E+00
   .96000000E+00 -.73557494E+00
   .10000000E+01 -.77544036E+00
   .10400000E+01 -.81612206E+00
   .10800000E+01 -.85765054E+00
   .11200000E+01 -.90005785E+00
   .11600000E+01 -.94337771E+00
   .12000000E+01 -.98764562E+00
   .12400000E+01 -.10328990E+01
   .12800000E+01 -.10791771E+01
   .13200000E+01 -.11265217E+01
   .13600000E+01 -.11749766E+01
   .14000000E+01 -.12245880E+01
   .14400000E+01 -.12754051E+01
   .14800000E+01 -.13274796E+01
   .15200000E+01 -.13808664E+01
   .15600000E+01 -.14356236E+01
   .16000000E+01 -.14918130E+01
   .16400000E+01 -.15495001E+01
   .16800000E+01 -.16087543E+01
   .17200000E+01 -.16696497E+01
   .17600000E+01 -.17322651E+01
   .18000000E+01 -.17966845E+01
   .18400000E+01 -.18629972E+01
   .18800000E+01 -.19312991E+01
   .19200000E+01 -.20016923E+01
   .19600000E+01 -.20742861E+01
   .20000000E+01 -.21491980E+01
Potential  L  =        1.00000   -.29016
  -.20000000E+01  .10759235E+01
  -.19600000E+01  .10601709E+01
  -.19200000E+01  .10442735E+01
  -.18800000E+01  .10282280E+01
  -.18400000E+01  .10120314E+01
  -.18000000E+01  .99568011E+00
  -.17600000E+01  .97917081E+00
  -.17200000E+01  .96249989E+00
  -.16800000E+01  .94566369E+00
  -.16400000E+01  .92865838E+00
  -.16000000E+01  .91148005E+00
  -.15600000E+01  .89412462E+00
  -.15200000E+01  .87658790E+00
  -.14800000E+01  .85886555E+00
  -.14400000E+01  .84095307E+00
  -.14000000E+01  .82284581E+00
  -.13600000E+01  .80453897E+00
  -.13200000E+01  .78602755E+00
  -.12800000E+01  .76730640E+00
  -.12400000E+01  .74837018E+00
  -.12000000E+01  .72921333E+00
  -.11600000E+01  .70983010E+00
  -.11200000E+01  .69021455E+00
  -.10800000E+01  .67036049E+00
  -.10400000E+01  .65026149E+00
  -.10000000E+01  .62991089E+00
  -.96000000E+00  .60930177E+00
  -.92000000E+00  .58842694E+00
  -.88000000E+00  .56727886E+00
  -.84000000E+00  .54584986E+00
  -.80000000E+00  .52413178E+00
  -.76000000E+00  .50211622E+00
  -.72000000E+00  .47979440E+00
  -.68000000E+00  .45715722E+00
  -.64000000E+00  .43419509E+00
  -.60000000E+00  .41089811E+00
  -.56000000E+00  .38725594E+00
  -.52000000E+00  .36325775E+00
  -.48000000E+00  .33889228E+00
  -.44000000E+00  .31414772E+00
  -.40000000E+00  .28901177E+00
  -.36000000E+00  .26347152E+00
  -.32000000E+00  .23751351E+00
  -.28000000E+00  .21112362E+00
  -.24000000E+00  .18428707E+00
  -.20000000E+00  .15698838E+00
  -.16000000E+00  .12921129E+00
  -.12000000E+00  .10093877E+00
  -.80000000E-01  .72152920E-01
  -.40000000E-01  .42834951E-01
   .12351231E-14  .12965104E-01
   .40000000E-01 -.17477402E-01
   .80000000E-01 -.48514441E-01
   .12000000E+00 -.80169050E-01
   .16000000E+00 -.11246551E+00
   .20000000E+00 -.14542944E+00
   .24000000E+00 -.17908788E+00
   .28000000E+00 -.21346937E+00
   .32000000E+00 -.24860412E+00
   .36000000E+00 -.28452406E+00
   .40000000E+00 -.32126302E+00
   .44000000E+00 -.35885685E+00
   .48000000E+00 -.39734358E+00
   .52000000E+00 -.43676356E+00
   .56000000E+00 -.47715971E+00
   .60000000E+00 -.51857764E+00
   .64000000E+00 -.56106595E+00
   .68000000E+00 -.60467641E+00
   .72000000E+00 -.64946426E+00
   .76000000E+00 -.69548852E+00
   .80000000E+00 -.74281227E+00
   .84000000E+00 -.79150306E+00
   .88000000E+00 -.84163327E+00
   .92000000E+00 -.89328060E+00
   .96000000E+00 -.94652849E+00
   .10000000E+01 -.10014668E+01
   .10400000E+01 -.10581922E+01
   .10800000E+01 -.11168092E+01
   .11200000E+01 -.11774305E+01
   .11600000E+01 -.12401782E+01
   .12000000E+01 -.13051847E+01
   .12400000E+01 -.13725936E+01
   .12800000E+01 -.14425612E+01
   .13200000E+01 -.15152578E+01
   .13600000E+01 -.15908694E+01
   .14000000E+01 -.16695992E+01
   .14400000E+01 -.17516702E+01
   .14800000E+01 -.18373272E+01
   .15200000E+01 -.19268399E+01
   .15600000E+01 -.20205058E+01
   .16000000E+01 -.21186541E+01
   .16400000E+01 -.22216501E+01
   .16800000E+01 -.23299000E+01
   .17200000E+01 -.24438572E+01
   .17600000E+01 -.25640289E+01
   .18000000E+01 -.26909847E+01
   .18400000E+01 -.28253665E+01
   .18800000E+01 -.29678998E+01
   .19200000E+01 -.31194088E+01
   .19600000E+01 -.32808328E+01
   .20000000E+01 -.34532473E+01
Core Pot   L  =        2.00000  -2.16285
  -.20000000E+01  .18287837E+02
  -.19600000E+01  .80951338E+01
  -.19200000E+01  .56195169E+01
  -.18800000E+01  .44984904E+01
  -.18400000E+01  .38559671E+01
  -.18000000E+01  .34373376E+01
  -.17600000E+01  .31414005E+01
  -.17200000E+01  .29199480E+01
  -.16800000E+01  .27470934E+01
  -.16400000E+01  .26076928E+01
  -.16000000E+01  .24922957E+01
  -.15600000E+01  .23946994E+01
  -.15200000E+01  .23106640E+01
  -.14800000E+01  .22371928E+01
  -.14400000E+01  .21721078E+01
  -.14000000E+01  .21137878E+01
  -.13600000E+01  .20610013E+01
  -.13200000E+01  .20127957E+01
  -.12800000E+01  .19684228E+01
  -.12400000E+01  .19272865E+01
  -.12000000E+01  .18889060E+01
  -.11600000E+01  .18528894E+01
  -.11200000E+01  .18189137E+01
  -.10800000E+01  .17867105E+01
  -.10400000E+01  .17560548E+01
  -.10000000E+01  .17267565E+01
  -.96000000E+00  .16986538E+01
  -.92000000E+00  .16716084E+01
  -.88000000E+00  .16455010E+01
  -.84000000E+00  .16202282E+01
  -.80000000E+00  .15957001E+01
  -.76000000E+00  .15718379E+01
  -.72000000E+00  .15485723E+01
  -.68000000E+00  .15258423E+01
  -.64000000E+00  .15035934E+01
  -.60000000E+00  .14817775E+01
  -.56000000E+00  .14603513E+01
  -.52000000E+00  .14392761E+01
  -.48000000E+00  .14185170E+01
  -.44000000E+00  .13980425E+01
  -.40000000E+00  .13778241E+01
  -.36000000E+00  .13578358E+01
  -.32000000E+00  .13380539E+01
  -.28000000E+00  .13184568E+01
  -.24000000E+00  .12990246E+01
  -.20000000E+00  .12797391E+01
  -.16000000E+00  .12605834E+01
  -.12000000E+00  .12415418E+01
  -.80000000E-01  .12226001E+01
  -.40000000E-01  .12037446E+01
   .12351231E-14  .11849630E+01
   .40000000E-01  .11662433E+01
   .80000000E-01  .11475747E+01
   .12000000E+00  .11289468E+01
   .16000000E+00  .11103499E+01
   .20000000E+00  .10917748E+01
   .24000000E+00  .10732127E+01
   .28000000E+00  .10546555E+01
   .32000000E+00  .10360951E+01
   .36000000E+00  .10175241E+01
   .40000000E+00  .99893535E+00
   .44000000E+00  .98032183E+00
   .48000000E+00  .96167696E+00
   .52000000E+00  .94299431E+00
   .56000000E+00  .92426769E+00
   .60000000E+00  .90549111E+00
   .64000000E+00  .88665873E+00
   .68000000E+00  .86776488E+00
   .72000000E+00  .84880401E+00
   .76000000E+00  .82977070E+00
   .80000000E+00  .81065964E+00
   .84000000E+00  .79146559E+00
   .88000000E+00  .77218342E+00
   .92000000E+00  .75280804E+00
   .96000000E+00  .73333442E+00
   .10000000E+01  .71375759E+00
   .10400000E+01  .69407258E+00
   .10800000E+01  .67427449E+00
   .11200000E+01  .65435840E+00
   .11600000E+01  .63431940E+00
   .12000000E+01  .61415259E+00
   .12400000E+01  .59385305E+00
   .12800000E+01  .57341584E+00
   .13200000E+01  .55283600E+00
   .13600000E+01  .53210853E+00
   .14000000E+01  .51122840E+00
   .14400000E+01  .49019050E+00
   .14800000E+01  .46898970E+00
   .15200000E+01  .44762077E+00
   .15600000E+01  .42607844E+00
   .16000000E+01  .40435735E+00
   .16400000E+01  .38245205E+00
   .16800000E+01  .36035699E+00
   .17200000E+01  .33806653E+00
   .17600000E+01  .31557493E+00
   .18000000E+01  .29287632E+00
   .18400000E+01  .26996469E+00
   .18800000E+01  .24683394E+00
   .19200000E+01  .22347780E+00
   .19600000E+01  .19988986E+00
   .20000000E+01  .17606355E+00
Potential  L  =        2.00000  -2.16285
  -.20000000E+01 -.20721415E+01
  -.19600000E+01 -.22535453E+01
  -.19200000E+01 -.24502218E+01
  -.18800000E+01 -.26642805E+01
  -.18400000E+01 -.28982393E+01
  -.18000000E+01 -.31551271E+01
  -.17600000E+01 -.34386216E+01
  -.17200000E+01 -.37532320E+01
  -.16800000E+01 -.41045485E+01
  -.16400000E+01 -.44995869E+01
  -.16000000E+01 -.49472738E+01
  -.15600000E+01 -.54591449E+01
  -.15200000E+01 -.60503730E+01
  -.14800000E+01 -.67413247E+01
  -.14400000E+01 -.75599905E+01
  -.14000000E+01 -.85459202E+01
  -.13600000E+01 -.97568777E+01
  -.13200000E+01 -.11280690E+02
  -.12800000E+01 -.13257730E+02
  -.12400000E+01 -.15927128E+02
  -.12000000E+01 -.19732152E+02
  -.11600000E+01 -.25597147E+02
  -.11200000E+01 -.35823183E+02
  -.10800000E+01 -.58171752E+02
  -.10400000E+01 -.14568495E+03
  -.10000000E+01  .32350556E+03
  -.96000000E+00  .78739922E+02
  -.92000000E+00  .45484984E+02
  -.88000000E+00  .32291667E+02
  -.84000000E+00  .25210073E+02
  -.80000000E+00  .20790072E+02
  -.76000000E+00  .17767107E+02
  -.72000000E+00  .15568170E+02
  -.68000000E+00  .13895922E+02
  -.64000000E+00  .12580716E+02
  -.60000000E+00  .11518695E+02
  -.56000000E+00  .10642718E+02
  -.52000000E+00  .99074546E+01
  -.48000000E+00  .92811915E+01
  -.44000000E+00  .87410775E+01
  -.40000000E+00  .82702302E+01
  -.36000000E+00  .78559062E+01
  -.32000000E+00  .74883061E+01
  -.28000000E+00  .71597706E+01
  -.24000000E+00  .68642268E+01
  -.20000000E+00  .65967974E+01
  -.16000000E+00  .63535202E+01
  -.12000000E+00  .61311435E+01
  -.80000000E-01  .59269733E+01
  -.40000000E-01  .57387587E+01
   .12351231E-14  .55646044E+01
   .40000000E-01  .54029033E+01
   .80000000E-01  .52522835E+01
   .12000000E+00  .51115668E+01
   .16000000E+00  .49797359E+01
   .20000000E+00  .48559076E+01
   .24000000E+00  .47393114E+01
   .28000000E+00  .46292722E+01
   .32000000E+00  .45251960E+01
   .36000000E+00  .44265578E+01
   .40000000E+00  .43328922E+01
   .44000000E+00  .42437851E+01
   .48000000E+00  .41588664E+01
   .52000000E+00  .40778049E+01
   .56000000E+00  .40003031E+01
   .60000000E+00  .39260926E+01
   .64000000E+00  .38549315E+01
   .68000000E+00  .37866002E+01
   .72000000E+00  .37208996E+01
   .76000000E+00  .36576487E+01
   .80000000E+00  .35966820E+01
   .84000000E+00  .35378487E+01
   .88000000E+00  .34810104E+01
   .92000000E+00  .34260403E+01
   .96000000E+00  .33728218E+01
   .10000000E+01  .33212474E+01
   .10400000E+01  .32712183E+01
   .10800000E+01  .32226427E+01
   .11200000E+01  .31754362E+01
   .11600000E+01  .31295201E+01
   .12000000E+01  .30848217E+01
   .12400000E+01  .30412732E+01
   .12800000E+01  .29988117E+01
   .13200000E+01  .29573785E+01
   .13600000E+01  .29169186E+01
   .14000000E+01  .28773810E+01
   .14400000E+01  .28387177E+01
   .14800000E+01  .28008839E+01
   .15200000E+01  .27638375E+01
   .15600000E+01  .27275390E+01
   .16000000E+01  .26919513E+01
   .16400000E+01  .26570396E+01
   .16800000E+01  .26227709E+01
   .17200000E+01  .25891143E+01
   .17600000E+01  .25560407E+01
   .18000000E+01  .25235222E+01
   .18400000E+01  .24915330E+01
   .18800000E+01  .24600483E+01
   .19200000E+01  .24290447E+01
   .19600000E+01  .23985002E+01
   .20000000E+01  .23683936E+01
Core Pot   L  =        3.00000   -.10000
  -.20000000E+01  .20234941E+01
  -.19600000E+01  .20142746E+01
  -.19200000E+01  .20050208E+01
  -.18800000E+01  .19957326E+01
  -.18400000E+01  .19864095E+01
  -.18000000E+01  .19770512E+01
  -.17600000E+01  .19676574E+01
  -.17200000E+01  .19582277E+01
  -.16800000E+01  .19487617E+01
  -.16400000E+01  .19392591E+01
  -.16000000E+01  .19297195E+01
  -.15600000E+01  .19201425E+01
  -.15200000E+01  .19105278E+01
  -.14800000E+01  .19008750E+01
  -.14400000E+01  .18911836E+01
  -.14000000E+01  .18814532E+01
  -.13600000E+01  .18716835E+01
  -.13200000E+01  .18618741E+01
  -.12800000E+01  .18520245E+01
  -.12400000E+01  .18421342E+01
  -.12000000E+01  .18322029E+01
  -.11600000E+01  .18222302E+01
  -.11200000E+01  .18122155E+01
  -.10800000E+01  .18021584E+01
  -.10400000E+01  .17920584E+01
  -.10000000E+01  .17819152E+01
  -.96000000E+00  .17717281E+01
  -.92000000E+00  .17614967E+01
  -.88000000E+00  .17512206E+01
  -.84000000E+00  .17408991E+01
  -.80000000E+00  .17305319E+01
  -.76000000E+00  .17201183E+01
  -.72000000E+00  .17096579E+01
  -.68000000E+00  .16991501E+01
  -.64000000E+00  .16885944E+01
  -.60000000E+00  .16779901E+01
  -.56000000E+00  .16673369E+01
  -.52000000E+00  .16566339E+01
  -.48000000E+00  .16458808E+01
  -.44000000E+00  .16350768E+01
  -.40000000E+00  .16242214E+01
  -.36000000E+00  .16133139E+01
  -.32000000E+00  .16023537E+01
  -.28000000E+00  .15913403E+01
  -.24000000E+00  .15802728E+01
  -.20000000E+00  .15691507E+01
  -.16000000E+00  .15579733E+01
  -.12000000E+00  .15467399E+01
  -.80000000E-01  .15354498E+01
  -.40000000E-01  .15241022E+01
   .12351231E-14  .15126965E+01
   .40000000E-01  .15012319E+01
   .80000000E-01  .14897076E+01
   .12000000E+00  .14781229E+01
   .16000000E+00  .14664770E+01
   .20000000E+00  .14547690E+01
   .24000000E+00  .14429983E+01
   .28000000E+00  .14311638E+01
   .32000000E+00  .14192648E+01
   .36000000E+00  .14073005E+01
   .40000000E+00  .13952699E+01
   .44000000E+00  .13831721E+01
   .48000000E+00  .13710062E+01
   .52000000E+00  .13587712E+01
   .56000000E+00  .13464663E+01
   .60000000E+00  .13340905E+01
   .64000000E+00  .13216426E+01
   .68000000E+00  .13091218E+01
   .72000000E+00  .12965270E+01
   .76000000E+00  .12838571E+01
   .80000000E+00  .12711110E+01
   .84000000E+00  .12582877E+01
   .88000000E+00  .12453860E+01
   .92000000E+00  .12324047E+01
   .96000000E+00  .12193427E+01
   .10000000E+01  .12061987E+01
   .10400000E+01  .11929716E+01
   .10800000E+01  .11796601E+01
   .11200000E+01  .11662629E+01
   .11600000E+01  .11527786E+01
   .12000000E+01  .11392060E+01
   .12400000E+01  .11255437E+01
   .12800000E+01  .11117902E+01
   .13200000E+01  .10979441E+01
   .13600000E+01  .10840040E+01
   .14000000E+01  .10699683E+01
   .14400000E+01  .10558356E+01
   .14800000E+01  .10416041E+01
   .15200000E+01  .10272724E+01
   .15600000E+01  .10128388E+01
   .16000000E+01  .99830153E+00
   .16400000E+01  .98365892E+00
   .16800000E+01  .96890919E+00
   .17200000E+01  .95405052E+00
   .17600000E+01  .93908106E+00
   .18000000E+01  .92399889E+00
   .18400000E+01  .90880207E+00
   .18800000E+01  .89348858E+00
   .19200000E+01  .87805638E+00
   .19600000E+01  .86250337E+00
   .20000000E+01  .84682737E+00
Potential  L  =        3.00000   -.10000
  -.20000000E+01  .20275974E+01
  -.19600000E+01  .20183116E+01
  -.19200000E+01  .20089908E+01
  -.18800000E+01  .19996348E+01
  -.18400000E+01  .19902432E+01
  -.18000000E+01  .19808156E+01
  -.17600000E+01  .19713517E+01
  -.17200000E+01  .19618511E+01
  -.16800000E+01  .19523134E+01
  -.16400000E+01  .19427383E+01
  -.16000000E+01  .19331254E+01
  -.15600000E+01  .19234744E+01
  -.15200000E+01  .19137847E+01
  -.14800000E+01  .19040560E+01
  -.14400000E+01  .18942880E+01
  -.14000000E+01  .18844801E+01
  -.13600000E+01  .18746321E+01
  -.13200000E+01  .18647434E+01
  -.12800000E+01  .18548137E+01
  -.12400000E+01  .18448424E+01
  -.12000000E+01  .18348293E+01
  -.11600000E+01  .18247737E+01
  -.11200000E+01  .18146753E+01
  -.10800000E+01  .18045336E+01
  -.10400000E+01  .17943480E+01
  -.10000000E+01  .17841183E+01
  -.96000000E+00  .17738438E+01
  -.92000000E+00  .17635240E+01
  -.88000000E+00  .17531585E+01
  -.84000000E+00  .17427467E+01
  -.80000000E+00  .17322881E+01
  -.76000000E+00  .17217823E+01
  -.72000000E+00  .17112286E+01
  -.68000000E+00  .17006265E+01
  -.64000000E+00  .16899754E+01
  -.60000000E+00  .16792748E+01
  -.56000000E+00  .16685242E+01
  -.52000000E+00  .16577228E+01
  -.48000000E+00  .16468702E+01
  -.44000000E+00  .16359658E+01
  -.40000000E+00  .16250088E+01
  -.36000000E+00  .16139987E+01
  -.32000000E+00  .16029348E+01
  -.28000000E+00  .15918166E+01
  -.24000000E+00  .15806433E+01
  -.20000000E+00  .15694142E+01
  -.16000000E+00  .15581287E+01
  -.12000000E+00  .15467861E+01
  -.80000000E-01  .15353857E+01
  -.40000000E-01  .15239267E+01
   .12351231E-14  .15124085E+01
   .40000000E-01  .15008301E+01
   .80000000E-01  .14891910E+01
   .12000000E+00  .14774903E+01
   .16000000E+00  .14657273E+01
   .20000000E+00  .14539011E+01
   .24000000E+00  .14420108E+01
   .28000000E+00  .14300558E+01
   .32000000E+00  .14180350E+01
   .36000000E+00  .14059477E+01
   .40000000E+00  .13937929E+01
   .44000000E+00  .13815698E+01
   .48000000E+00  .13692774E+01
   .52000000E+00  .13569148E+01
   .56000000E+00  .13444810E+01
   .60000000E+00  .13319750E+01
   .64000000E+00  .13193960E+01
   .68000000E+00  .13067427E+01
   .72000000E+00  .12940142E+01
   .76000000E+00  .12812095E+01
   .80000000E+00  .12683275E+01
   .84000000E+00  .12553669E+01
   .88000000E+00  .12423269E+01
   .92000000E+00  .12292061E+01
   .96000000E+00  .12160034E+01
   .10000000E+01  .12027176E+01
   .10400000E+01  .11893475E+01
   .10800000E+01  .11758918E+01
   .11200000E+01  .11623493E+01
   .11600000E+01  .11487186E+01
   .12000000E+01  .11349985E+01
   .12400000E+01  .11211875E+01
   .12800000E+01  .11072844E+01
   .13200000E+01  .10932875E+01
   .13600000E+01  .10791956E+01
   .14000000E+01  .10650071E+01
   .14400000E+01  .10507205E+01
   .14800000E+01  .10363342E+01
   .15200000E+01  .10218467E+01
   .15600000E+01  .10072563E+01
   .16000000E+01  .99256142E+00
   .16400000E+01  .97776029E+00
   .16800000E+01  .96285120E+00
   .17200000E+01  .94783237E+00
   .17600000E+01  .93270196E+00
   .18000000E+01  .91745813E+00
   .18400000E+01  .90209895E+00
   .18800000E+01  .88662247E+00
   .19200000E+01  .87102670E+00
   .19600000E+01  .85530957E+00
   .20000000E+01  .83946898E+00
Core Pot   L  =        4.00000    .00000
  -.20000000E+01  .25892549E+01
  -.19600000E+01  .25820655E+01
  -.19200000E+01  .25748599E+01
  -.18800000E+01  .25676379E+01
  -.18400000E+01  .25603994E+01
  -.18000000E+01  .25531444E+01
  -.17600000E+01  .25458728E+01
  -.17200000E+01  .25385844E+01
  -.16800000E+01  .25312792E+01
  -.16400000E+01  .25239571E+01
  -.16000000E+01  .25166178E+01
  -.15600000E+01  .25092615E+01
  -.15200000E+01  .25018878E+01
  -.14800000E+01  .24944968E+01
  -.14400000E+01  .24870883E+01
  -.14000000E+01  .24796622E+01
  -.13600000E+01  .24722185E+01
  -.13200000E+01  .24647569E+01
  -.12800000E+01  .24572774E+01
  -.12400000E+01  .24497799E+01
  -.12000000E+01  .24422642E+01
  -.11600000E+01  .24347302E+01
  -.11200000E+01  .24271779E+01
  -.10800000E+01  .24196071E+01
  -.10400000E+01  .24120176E+01
  -.10000000E+01  .24044094E+01
  -.96000000E+00  .23967824E+01
  -.92000000E+00  .23891364E+01
  -.88000000E+00  .23814712E+01
  -.84000000E+00  .23737869E+01
  -.80000000E+00  .23660832E+01
  -.76000000E+00  .23583600E+01
  -.72000000E+00  .23506172E+01
  -.68000000E+00  .23428546E+01
  -.64000000E+00  .23350722E+01
  -.60000000E+00  .23272698E+01
  -.56000000E+00  .23194472E+01
  -.52000000E+00  .23116044E+01
  -.48000000E+00  .23037412E+01
  -.44000000E+00  .22958574E+01
  -.40000000E+00  .22879529E+01
  -.36000000E+00  .22800276E+01
  -.32000000E+00  .22720813E+01
  -.28000000E+00  .22641139E+01
  -.24000000E+00  .22561253E+01
  -.20000000E+00  .22481152E+01
  -.16000000E+00  .22400836E+01
  -.12000000E+00  .22320303E+01
  -.80000000E-01  .22239551E+01
  -.40000000E-01  .22158579E+01
   .12351231E-14  .22077385E+01
   .40000000E-01  .21995969E+01
   .80000000E-01  .21914327E+01
   .12000000E+00  .21832459E+01
   .16000000E+00  .21750363E+01
   .20000000E+00  .21668038E+01
   .24000000E+00  .21585481E+01
   .28000000E+00  .21502691E+01
   .32000000E+00  .21419667E+01
   .36000000E+00  .21336406E+01
   .40000000E+00  .21252907E+01
   .44000000E+00  .21169169E+01
   .48000000E+00  .21085189E+01
   .52000000E+00  .21000965E+01
   .56000000E+00  .20916497E+01
   .60000000E+00  .20831781E+01
   .64000000E+00  .20746817E+01
   .68000000E+00  .20661602E+01
   .72000000E+00  .20576135E+01
   .76000000E+00  .20490413E+01
   .80000000E+00  .20404435E+01
   .84000000E+00  .20318198E+01
   .88000000E+00  .20231701E+01
   .92000000E+00  .20144942E+01
   .96000000E+00  .20057919E+01
   .10000000E+01  .19970629E+01
   .10400000E+01  .19883071E+01
   .10800000E+01  .19795243E+01
   .11200000E+01  .19707142E+01
   .11600000E+01  .19618766E+01
   .12000000E+01  .19530113E+01
   .12400000E+01  .19441182E+01
   .12800000E+01  .19351969E+01
   .13200000E+01  .19262473E+01
   .13600000E+01  .19172691E+01
   .14000000E+01  .19082621E+01
   .14400000E+01  .18992260E+01
   .14800000E+01  .18901607E+01
   .15200000E+01  .18810659E+01
   .15600000E+01  .18719414E+01
   .16000000E+01  .18627869E+01
   .16400000E+01  .18536021E+01
   .16800000E+01  .18443868E+01
   .17200000E+01  .18351409E+01
   .17600000E+01  .18258639E+01
   .18000000E+01  .18165557E+01
   .18400000E+01  .18072159E+01
   .18800000E+01  .17978445E+01
   .19200000E+01  .17884409E+01
   .19600000E+01  .17790051E+01
   .20000000E+01  .17695366E+01
Potential  L  =        4.00000    .00000
  -.20000000E+01  .25973791E+01
  -.19600000E+01  .25901672E+01
  -.19200000E+01  .25829388E+01
  -.18800000E+01  .25756936E+01
  -.18400000E+01  .25684317E+01
  -.18000000E+01  .25611530E+01
  -.17600000E+01  .25538572E+01
  -.17200000E+01  .25465444E+01
  -.16800000E+01  .25392144E+01
  -.16400000E+01  .25318672E+01
  -.16000000E+01  .25245025E+01
  -.15600000E+01  .25171203E+01
  -.15200000E+01  .25097205E+01
  -.14800000E+01  .25023030E+01
  -.14400000E+01  .24948676E+01
  -.14000000E+01  .24874143E+01
  -.13600000E+01  .24799429E+01
  -.13200000E+01  .24724533E+01
  -.12800000E+01  .24649454E+01
  -.12400000E+01  .24574191E+01
  -.12000000E+01  .24498743E+01
  -.11600000E+01  .24423108E+01
  -.11200000E+01  .24347285E+01
  -.10800000E+01  .24271273E+01
  -.10400000E+01  .24195071E+01
  -.10000000E+01  .24118677E+01
  -.96000000E+00  .24042090E+01
  -.92000000E+00  .23965310E+01
  -.88000000E+00  .23888334E+01
  -.84000000E+00  .23811161E+01
  -.80000000E+00  .23733791E+01
  -.76000000E+00  .23656221E+01
  -.72000000E+00  .23578450E+01
  -.68000000E+00  .23500478E+01
  -.64000000E+00  .23422302E+01
  -.60000000E+00  .23343921E+01
  -.56000000E+00  .23265334E+01
  -.52000000E+00  .23186540E+01
  -.48000000E+00  .23107536E+01
  -.44000000E+00  .23028322E+01
  -.40000000E+00  .22948896E+01
  -.36000000E+00  .22869257E+01
  -.32000000E+00  .22789403E+01
  -.28000000E+00  .22709332E+01
  -.24000000E+00  .22629044E+01
  -.20000000E+00  .22548536E+01
  -.16000000E+00  .22467807E+01
  -.12000000E+00  .22386855E+01
  -.80000000E-01  .22305679E+01
  -.40000000E-01  .22224278E+01
   .12351231E-14  .22142649E+01
   .40000000E-01  .22060791E+01
   .80000000E-01  .21978703E+01
   .12000000E+00  .21896382E+01
   .16000000E+00  .21813827E+01
   .20000000E+00  .21731036E+01
   .24000000E+00  .21648008E+01
   .28000000E+00  .21564740E+01
   .32000000E+00  .21481232E+01
   .36000000E+00  .21397480E+01
   .40000000E+00  .21313485E+01
   .44000000E+00  .21229242E+01
   .48000000E+00  .21144751E+01
   .52000000E+00  .21060011E+01
   .56000000E+00  .20975018E+01
   .60000000E+00  .20889771E+01
   .64000000E+00  .20804268E+01
   .68000000E+00  .20718507E+01
   .72000000E+00  .20632487E+01
   .76000000E+00  .20546205E+01
   .80000000E+00  .20459659E+01
   .84000000E+00  .20372846E+01
   .88000000E+00  .20285766E+01
   .92000000E+00  .20198416E+01
   .96000000E+00  .20110794E+01
   .10000000E+01  .20022897E+01
   .10400000E+01  .19934724E+01
   .10800000E+01  .19846272E+01
   .11200000E+01  .19757539E+01
   .11600000E+01  .19668523E+01
   .12000000E+01  .19579221E+01
   .12400000E+01  .19489631E+01
   .12800000E+01  .19399752E+01
   .13200000E+01  .19309580E+01
   .13600000E+01  .19219113E+01
   .14000000E+01  .19128349E+01
   .14400000E+01  .19037285E+01
   .14800000E+01  .18945919E+01
   .15200000E+01  .18854248E+01
   .15600000E+01  .18762270E+01
   .16000000E+01  .18669982E+01
   .16400000E+01  .18577382E+01
   .16800000E+01  .18484467E+01
   .17200000E+01  .18391234E+01
   .17600000E+01  .18297680E+01
   .18000000E+01  .18203804E+01
   .18400000E+01  .18109601E+01
   .18800000E+01  .18015070E+01
   .19200000E+01  .17920207E+01
   .19600000E+01  .17825010E+01
   .20000000E+01  .17729475E+01
KBPotential  L  =      2.00000  -4.32570
  -.20000000E+01  .19240496E+02
  -.19600000E+01  .83116767E+01
  -.19200000E+01  .57369073E+01
  -.18800000E+01  .45807857E+01
  -.18400000E+01  .39208140E+01
  -.18000000E+01  .34918153E+01
  -.17600000E+01  .31889934E+01
  -.17200000E+01  .29626084E+01
  -.16800000E+01  .27860184E+01
  -.16400000E+01  .26436660E+01
  -.16000000E+01  .25258569E+01
  -.15600000E+01  .24262354E+01
  -.15200000E+01  .23404612E+01
  -.14800000E+01  .22654689E+01
  -.14400000E+01  .21990321E+01
  -.14000000E+01  .21394945E+01
  -.13600000E+01  .20855985E+01
  -.13200000E+01  .20363718E+01
  -.12800000E+01  .19910510E+01
  -.12400000E+01  .19490282E+01
  -.12000000E+01  .19098133E+01
  -.11600000E+01  .18730067E+01
  -.11200000E+01  .18382794E+01
  -.10800000E+01  .18053580E+01
  -.10400000E+01  .17740134E+01
  -.10000000E+01  .17440520E+01
  -.96000000E+00  .17153094E+01
  -.92000000E+00  .16876446E+01
  -.88000000E+00  .16609365E+01
  -.84000000E+00  .16350800E+01
  -.80000000E+00  .16099838E+01
  -.76000000E+00  .15855677E+01
  -.72000000E+00  .15617616E+01
  -.68000000E+00  .15385033E+01
  -.64000000E+00  .15157379E+01
  -.60000000E+00  .14934165E+01
  -.56000000E+00  .14714952E+01
  -.52000000E+00  .14499350E+01
  -.48000000E+00  .14287007E+01
  -.44000000E+00  .14077603E+01
  -.40000000E+00  .13870851E+01
  -.36000000E+00  .13666491E+01
  -.32000000E+00  .13464283E+01
  -.28000000E+00  .13264011E+01
  -.24000000E+00  .13065475E+01
  -.20000000E+00  .12868494E+01
  -.16000000E+00  .12672898E+01
  -.12000000E+00  .12478533E+01
  -.80000000E-01  .12285255E+01
  -.40000000E-01  .12092930E+01
   .12351231E-14  .11901436E+01
   .40000000E-01  .11710657E+01
   .80000000E-01  .11520485E+01
   .12000000E+00  .11330818E+01
   .16000000E+00  .11141563E+01
   .20000000E+00  .10952630E+01
   .24000000E+00  .10763936E+01
   .28000000E+00  .10575400E+01
   .32000000E+00  .10386948E+01
   .36000000E+00  .10198508E+01
   .40000000E+00  .10010013E+01
   .44000000E+00  .98213984E+00
   .48000000E+00  .96326015E+00
   .52000000E+00  .94435636E+00
   .56000000E+00  .92542280E+00
   .60000000E+00  .90645400E+00
   .64000000E+00  .88744472E+00
   .68000000E+00  .86838987E+00
   .72000000E+00  .84928455E+00
   .76000000E+00  .83012399E+00
   .80000000E+00  .81090356E+00
   .84000000E+00  .79161876E+00
   .88000000E+00  .77226520E+00
   .92000000E+00  .75283860E+00
   .96000000E+00  .73333474E+00
   .10000000E+01  .71374950E+00
   .10400000E+01  .69407884E+00
   .10800000E+01  .67431877E+00
   .11200000E+01  .65446536E+00
   .11600000E+01  .63451473E+00
   .12000000E+01  .61446303E+00
   .12400000E+01  .59430647E+00
   .12800000E+01  .57404125E+00
   .13200000E+01  .55366363E+00
   .13600000E+01  .53316987E+00
   .14000000E+01  .51255624E+00
   .14400000E+01  .49181903E+00
   .14800000E+01  .47095452E+00
   .15200000E+01  .44995899E+00
   .15600000E+01  .42882871E+00
   .16000000E+01  .40755994E+00
   .16400000E+01  .38614894E+00
   .16800000E+01  .36459193E+00
   .17200000E+01  .34288510E+00
   .17600000E+01  .32102464E+00
   .18000000E+01  .29900668E+00
   .18400000E+01  .27682734E+00
   .18800000E+01  .25448268E+00
   .19200000E+01  .23196872E+00
   .19600000E+01  .20928144E+00
   .20000000E+01  .18641677E+00
KBPotential  L  =       .00000  -1.73241
  -.20000000E+01  .56370195E+00
  -.19600000E+01  .54222799E+00
  -.19200000E+01  .52048898E+00
  -.18800000E+01  .49847818E+00
  -.18400000E+01  .47618861E+00
  -.18000000E+01  .45361306E+00
  -.17600000E+01  .43074405E+00
  -.17200000E+01  .40757379E+00
  -.16800000E+01  .38409427E+00
  -.16400000E+01  .36029712E+00
  -.16000000E+01  .33617369E+00
  -.15600000E+01  .31171501E+00
  -.15200000E+01  .28691173E+00
  -.14800000E+01  .26175417E+00
  -.14400000E+01  .23623225E+00
  -.14000000E+01  .21033551E+00
  -.13600000E+01  .18405306E+00
  -.13200000E+01  .15737357E+00
  -.12800000E+01  .13028527E+00
  -.12400000E+01  .10277588E+00
  -.12000000E+01  .74832614E-01
  -.11600000E+01  .46442159E-01
  -.11200000E+01  .17590627E-01
  -.10800000E+01 -.11736464E-01
  -.10400000E+01 -.41554226E-01
  -.10000000E+01 -.71878436E-01
  -.96000000E+00 -.10272557E+00
  -.92000000E+00 -.13411285E+00
  -.88000000E+00 -.16605827E+00
  -.84000000E+00 -.19858067E+00
  -.80000000E+00 -.23169976E+00
  -.76000000E+00 -.26543616E+00
  -.72000000E+00 -.29981151E+00
  -.68000000E+00 -.33484847E+00
  -.64000000E+00 -.37057081E+00
  -.60000000E+00 -.40700348E+00
  -.56000000E+00 -.44417270E+00
  -.52000000E+00 -.48210599E+00
  -.48000000E+00 -.52083230E+00
  -.44000000E+00 -.56038210E+00
  -.40000000E+00 -.60078747E+00
  -.36000000E+00 -.64208218E+00
  -.32000000E+00 -.68430188E+00
  -.28000000E+00 -.72748414E+00
  -.24000000E+00 -.77166865E+00
  -.20000000E+00 -.81689736E+00
  -.16000000E+00 -.86321461E+00
  -.12000000E+00 -.91066733E+00
  -.80000000E-01 -.95930525E+00
  -.40000000E-01 -.10091811E+01
   .12351231E-14 -.10603507E+01
   .40000000E-01 -.11128735E+01
   .80000000E-01 -.11668127E+01
   .12000000E+00 -.12222354E+01
   .16000000E+00 -.12792132E+01
   .20000000E+00 -.13378222E+01
   .24000000E+00 -.13981440E+01
   .28000000E+00 -.14602656E+01
   .32000000E+00 -.15242799E+01
   .36000000E+00 -.15902865E+01
   .40000000E+00 -.16583925E+01
   .44000000E+00 -.17287123E+01
   .48000000E+00 -.18013692E+01
   .52000000E+00 -.18764961E+01
   .56000000E+00 -.19542358E+01
   .60000000E+00 -.20347428E+01
   .64000000E+00 -.21181839E+01
   .68000000E+00 -.22047399E+01
   .72000000E+00 -.22946066E+01
   .76000000E+00 -.23879970E+01
   .80000000E+00 -.24851427E+01
   .84000000E+00 -.25862962E+01
   .88000000E+00 -.26917335E+01
   .92000000E+00 -.28017564E+01
   .96000000E+00 -.29166961E+01
   .10000000E+01 -.30369167E+01
   .10400000E+01 -.31628192E+01
   .10800000E+01 -.32948466E+01
   .11200000E+01 -.34334894E+01
   .11600000E+01 -.35792920E+01
   .12000000E+01 -.37328608E+01
   .12400000E+01 -.38948727E+01
   .12800000E+01 -.40660859E+01
   .13200000E+01 -.42473527E+01
   .13600000E+01 -.44396345E+01
   .14000000E+01 -.46440193E+01
   .14400000E+01 -.48617441E+01
   .14800000E+01 -.50942209E+01
   .15200000E+01 -.53430685E+01
   .15600000E+01 -.56101525E+01
   .16000000E+01 -.58976335E+01
   .16400000E+01 -.62080286E+01
   .16800000E+01 -.65442873E+01
   .17200000E+01 -.69098891E+01
   .17600000E+01 -.73089679E+01
   .18000000E+01 -.77464737E+01
   .18400000E+01 -.82283844E+01
   .18800000E+01 -.87619870E+01
   .19200000E+01 -.93562572E+01
   .19600000E+01 -.10022378E+02
   .20000000E+01 -.10774465E+02
KBPotential  L  =      1.00000   -.58032
  -.20000000E+01  .10359481E+01
  -.19600000E+01  .10203203E+01
  -.19200000E+01  .10045660E+01
  -.18800000E+01  .98868284E+00
  -.18400000E+01  .97266850E+00
  -.18000000E+01  .95652057E+00
  -.17600000E+01  .94023660E+00
  -.17200000E+01  .92381406E+00
  -.16800000E+01  .90725034E+00
  -.16400000E+01  .89054280E+00
  -.16000000E+01  .87368868E+00
  -.15600000E+01  .85668518E+00
  -.15200000E+01  .83952944E+00
  -.14800000E+01  .82221845E+00
  -.14400000E+01  .80474917E+00
  -.14000000E+01  .78711848E+00
  -.13600000E+01  .76932316E+00
  -.13200000E+01  .75135989E+00
  -.12800000E+01  .73322526E+00
  -.12400000E+01  .71491578E+00
  -.12000000E+01  .69642783E+00
  -.11600000E+01  .67775772E+00
  -.11200000E+01  .65890158E+00
  -.10800000E+01  .63985552E+00
  -.10400000E+01  .62061548E+00
  -.10000000E+01  .60117727E+00
  -.96000000E+00  .58153661E+00
  -.92000000E+00  .56168904E+00
  -.88000000E+00  .54163001E+00
  -.84000000E+00  .52135480E+00
  -.80000000E+00  .50085855E+00
  -.76000000E+00  .48013625E+00
  -.72000000E+00  .45918271E+00
  -.68000000E+00  .43799260E+00
  -.64000000E+00  .41656041E+00
  -.60000000E+00  .39488042E+00
  -.56000000E+00  .37294677E+00
  -.52000000E+00  .35075336E+00
  -.48000000E+00  .32829391E+00
  -.44000000E+00  .30556192E+00
  -.40000000E+00  .28255067E+00
  -.36000000E+00  .25925320E+00
  -.32000000E+00  .23566232E+00
  -.28000000E+00  .21177053E+00
  -.24000000E+00  .18757019E+00
  -.20000000E+00  .16305328E+00
  -.16000000E+00  .13821151E+00
  -.12000000E+00  .11303628E+00
  -.80000000E-01  .87518749E-01
  -.40000000E-01  .61649585E-01
   .12351231E-14  .35419250E-01
   .40000000E-01  .88177940E-02
   .80000000E-01 -.18165113E-01
   .12000000E+00 -.45540203E-01
   .16000000E+00 -.73318628E-01
   .20000000E+00 -.10151198E+00
   .24000000E+00 -.13013233E+00
   .28000000E+00 -.15919220E+00
   .32000000E+00 -.18870468E+00
   .36000000E+00 -.21868334E+00
   .40000000E+00 -.24914236E+00
   .44000000E+00 -.28009651E+00
   .48000000E+00 -.31156118E+00
   .52000000E+00 -.34355242E+00
   .56000000E+00 -.37608701E+00
   .60000000E+00 -.40918244E+00
   .64000000E+00 -.44285699E+00
   .68000000E+00 -.47712977E+00
   .72000000E+00 -.51202077E+00
   .76000000E+00 -.54755089E+00
   .80000000E+00 -.58374201E+00
   .84000000E+00 -.62061707E+00
   .88000000E+00 -.65820007E+00
   .92000000E+00 -.69651622E+00
   .96000000E+00 -.73559193E+00
   .10000000E+01 -.77545496E+00
   .10400000E+01 -.81613444E+00
   .10800000E+01 -.85766101E+00
   .11200000E+01 -.90006690E+00
   .11600000E+01 -.94338601E+00
   .12000000E+01 -.98765406E+00
   .12400000E+01 -.10329087E+01
   .12800000E+01 -.10791896E+01
   .13200000E+01 -.11265387E+01
   .13600000E+01 -.11750003E+01
   .14000000E+01 -.12246211E+01
   .14400000E+01 -.12754506E+01
   .14800000E+01 -.13275413E+01
   .15200000E+01 -.13809486E+01
   .15600000E+01 -.14357316E+01
   .16000000E+01 -.14919526E+01
   .16400000E+01 -.15496782E+01
   .16800000E+01 -.16089790E+01
   .17200000E+01 -.16699302E+01
   .17600000E+01 -.17326120E+01
   .18000000E+01 -.17971098E+01
   .18400000E+01 -.18635151E+01
   .18800000E+01 -.19319253E+01
   .19200000E+01 -.20024451E+01
   .19600000E+01 -.20751864E+01
   .20000000E+01 -.21502692E+01
KBPotential  L  =      3.00000    .00000
  -.20000000E+01  .20275974E+01
  -.19600000E+01  .20183116E+01
  -.19200000E+01  .20089908E+01
  -.18800000E+01  .19996348E+01
  -.18400000E+01  .19902432E+01
  -.18000000E+01  .19808156E+01
  -.17600000E+01  .19713517E+01
  -.17200000E+01  .19618511E+01
  -.16800000E+01  .19523134E+01
  -.16400000E+01  .19427383E+01
  -.16000000E+01  .19331254E+01
  -.15600000E+01  .19234744E+01
  -.15200000E+01  .19137847E+01
  -.14800000E+01  .19040560E+01
  -.14400000E+01  .18942880E+01
  -.14000000E+01  .18844801E+01
  -.13600000E+01  .18746321E+01
  -.13200000E+01  .18647434E+01
  -.12800000E+01  .18548137E+01
  -.12400000E+01  .18448424E+01
  -.12000000E+01  .18348293E+01
  -.11600000E+01  .18247737E+01
  -.11200000E+01  .18146753E+01
  -.10800000E+01  .18045336E+01
  -.10400000E+01  .17943480E+01
  -.10000000E+01  .17841183E+01
  -.96000000E+00  .17738438E+01
  -.92000000E+00  .17635240E+01
  -.88000000E+00  .17531585E+01
  -.84000000E+00  .17427467E+01
  -.80000000E+00  .17322881E+01
  -.76000000E+00  .17217823E+01
  -.72000000E+00  .17112286E+01
  -.68000000E+00  .17006265E+01
  -.64000000E+00  .16899754E+01
  -.60000000E+00  .16792748E+01
  -.56000000E+00  .16685242E+01
  -.52000000E+00  .16577228E+01
  -.48000000E+00  .16468702E+01
  -.44000000E+00  .16359658E+01
  -.40000000E+00  .16250088E+01
  -.36000000E+00  .16139987E+01
  -.32000000E+00  .16029348E+01
  -.28000000E+00  .15918166E+01
  -.24000000E+00  .15806433E+01
  -.20000000E+00  .15694142E+01
  -.16000000E+00  .15581287E+01
  -.12000000E+00  .15467861E+01
  -.80000000E-01  .15353857E+01
  -.40000000E-01  .15239267E+01
   .12351231E-14  .15124085E+01
   .40000000E-01  .15008301E+01
   .80000000E-01  .14891910E+01
   .12000000E+00  .14774903E+01
   .16000000E+00  .14657273E+01
   .20000000E+00  .14539011E+01
   .24000000E+00  .14420108E+01
   .28000000E+00  .14300558E+01
   .32000000E+00  .14180350E+01
   .36000000E+00  .14059477E+01
   .40000000E+00  .13937929E+01
   .44000000E+00  .13815698E+01
   .48000000E+00  .13692774E+01
   .52000000E+00  .13569148E+01
   .56000000E+00  .13444810E+01
   .60000000E+00  .13319750E+01
   .64000000E+00  .13193960E+01
   .68000000E+00  .13067427E+01
   .72000000E+00  .12940142E+01
   .76000000E+00  .12812095E+01
   .80000000E+00  .12683275E+01
   .84000000E+00  .12553669E+01
   .88000000E+00  .12423269E+01
   .92000000E+00  .12292061E+01
   .96000000E+00  .12160034E+01
   .10000000E+01  .12027176E+01
   .10400000E+01  .11893475E+01
   .10800000E+01  .11758918E+01
   .11200000E+01  .11623493E+01
   .11600000E+01  .11487186E+01
   .12000000E+01  .11349985E+01
   .12400000E+01  .11211875E+01
   .12800000E+01  .11072844E+01
   .13200000E+01  .10932875E+01
   .13600000E+01  .10791956E+01
   .14000000E+01  .10650071E+01
   .14400000E+01  .10507205E+01
   .14800000E+01  .10363342E+01
   .15200000E+01  .10218467E+01
   .15600000E+01  .10072563E+01
   .16000000E+01  .99256142E+00
   .16400000E+01  .97776029E+00
   .16800000E+01  .96285120E+00
   .17200000E+01  .94783237E+00
   .17600000E+01  .93270196E+00
   .18000000E+01  .91745813E+00
   .18400000E+01  .90209895E+00
   .18800000E+01  .88662247E+00
   .19200000E+01  .87102670E+00
   .19600000E+01  .85530957E+00
   .20000000E+01  .83946898E+00
KBPotential  L  =      4.00000    .00000
  -.20000000E+01  .25973791E+01
  -.19600000E+01  .25901672E+01
  -.19200000E+01  .25829388E+01
  -.18800000E+01  .25756936E+01
  -.18400000E+01  .25684317E+01
  -.18000000E+01  .25611530E+01
  -.17600000E+01  .25538572E+01
  -.17200000E+01  .25465444E+01
  -.16800000E+01  .25392144E+01
  -.16400000E+01  .25318672E+01
  -.16000000E+01  .25245025E+01
  -.15600000E+01  .25171203E+01
  -.15200000E+01  .25097205E+01
  -.14800000E+01  .25023030E+01
  -.14400000E+01  .24948676E+01
  -.14000000E+01  .24874143E+01
  -.13600000E+01  .24799429E+01
  -.13200000E+01  .24724533E+01
  -.12800000E+01  .24649454E+01
  -.12400000E+01  .24574191E+01
  -.12000000E+01  .24498743E+01
  -.11600000E+01  .24423108E+01
  -.11200000E+01  .24347285E+01
  -.10800000E+01  .24271273E+01
  -.10400000E+01  .24195071E+01
  -.10000000E+01  .24118677E+01
  -.96000000E+00  .24042090E+01
  -.92000000E+00  .23965310E+01
  -.88000000E+00  .23888334E+01
  -.84000000E+00  .23811161E+01
  -.80000000E+00  .23733791E+01
  -.76000000E+00  .23656221E+01
  -.72000000E+00  .23578450E+01
  -.68000000E+00  .23500478E+01
  -.64000000E+00  .23422302E+01
  -.60000000E+00  .23343921E+01
  -.56000000E+00  .23265334E+01
  -.52000000E+00  .23186540E+01
  -.48000000E+00  .23107536E+01
  -.44000000E+00  .23028322E+01
  -.40000000E+00  .22948896E+01
  -.36000000E+00  .22869257E+01
  -.32000000E+00  .22789403E+01
  -.28000000E+00  .22709332E+01
  -.24000000E+00  .22629044E+01
  -.20000000E+00  .22548536E+01
  -.16000000E+00  .22467807E+01
  -.12000000E+00  .22386855E+01
  -.80000000E-01  .22305679E+01
  -.40000000E-01  .22224278E+01
   .12351231E-14  .22142649E+01
   .40000000E-01  .22060791E+01
   .80000000E-01  .21978703E+01
   .12000000E+00  .21896382E+01
   .16000000E+00  .21813827E+01
   .20000000E+00  .21731036E+01
   .24000000E+00  .21648008E+01
   .28000000E+00  .21564740E+01
   .32000000E+00  .21481232E+01
   .36000000E+00  .21397480E+01
   .40000000E+00  .21313485E+01
   .44000000E+00  .21229242E+01
   .48000000E+00  .21144751E+01
   .52000000E+00  .21060011E+01
   .56000000E+00  .20975018E+01
   .60000000E+00  .20889771E+01
   .64000000E+00  .20804268E+01
   .68000000E+00  .20718507E+01
   .72000000E+00  .20632487E+01
   .76000000E+00  .20546205E+01
   .80000000E+00  .20459659E+01
   .84000000E+00  .20372846E+01
   .88000000E+00  .20285766E+01
   .92000000E+00  .20198416E+01
   .96000000E+00  .20110794E+01
   .10000000E+01  .20022897E+01
   .10400000E+01  .19934724E+01
   .10800000E+01  .19846272E+01
   .11200000E+01  .19757539E+01
   .11600000E+01  .19668523E+01
   .12000000E+01  .19579221E+01
   .12400000E+01  .19489631E+01
   .12800000E+01  .19399752E+01
   .13200000E+01  .19309580E+01
   .13600000E+01  .19219113E+01
   .14000000E+01  .19128349E+01
   .14400000E+01  .19037285E+01
   .14800000E+01  .18945919E+01
   .15200000E+01  .18854248E+01
   .15600000E+01  .18762270E+01
   .16000000E+01  .18669982E+01
   .16400000E+01  .18577382E+01
   .16800000E+01  .18484467E+01
   .17200000E+01  .18391234E+01
   .17600000E+01  .18297680E+01
   .18000000E+01  .18203804E+01
   .18400000E+01  .18109601E+01
   .18800000E+01  .18015070E+01
   .19200000E+01  .17920207E+01
   .19600000E+01  .17825010E+01
   .20000000E+01  .17729475E+01
