# Chunk-averaged data for fix ave_stressz and group all
# Timestep Number-of-chunks Total-count
# Chunk Coord1 Ncount c_stress[3]
10000 100 21000
  1 0.005 194.284 0.00518605
  2 0.015 197.236 0.0383416
  3 0.025 188.064 0.151308
  4 0.035 191.358 -0.0164874
  5 0.045 194.026 0.097421
  6 0.055 181.516 0.031993
  7 0.065 183.814 0.0582111
  8 0.075 174.142 0.0766276
  9 0.085 181.134 0.0907913
  10 0.095 170.566 0.0399742
  11 0.105 169.31 -0.00256685
  12 0.115 177.634 0.175539
  13 0.125 172.052 0.0517537
  14 0.135 160.83 0.0244018
  15 0.145 159.106 0.0330205
  16 0.155 163.352 0.076427
  17 0.165 155.682 0.108139
  18 0.175 162.134 0.124854
  19 0.185 152.034 0.100569
  20 0.195 146.73 0.0138733
  21 0.205 151.878 0.144643
  22 0.215 149.328 0.187415
  23 0.225 146.888 -0.0559741
  24 0.235 143.592 0.0379689
  25 0.245 150.114 0.166852
  26 0.255 149.372 0.238805
  27 0.265 156.604 -0.0289594
  28 0.275 147.94 0.065522
  29 0.285 152.352 0.0670002
  30 0.295 165.934 0.0511228
  31 0.305 153.906 0.0826634
  32 0.315 161.862 0.123357
  33 0.325 170.59 0.00754088
  34 0.335 167.392 0.186146
  35 0.345 170.672 -0.039949
  36 0.355 174.676 0.029052
  37 0.365 180.306 0.174541
  38 0.375 183.406 0.0752739
  39 0.385 182.21 0.00415758
  40 0.395 187.594 0.0157843
  41 0.405 191.506 0.0875312
  42 0.415 190.296 0.134563
  43 0.425 194.542 -0.0410527
  44 0.435 200.456 0.0686068
  45 0.445 205.312 0.0538569
  46 0.455 215.178 0.0940645
  47 0.465 211.69 -0.00369658
  48 0.475 224.36 0.0673337
  49 0.485 219.17 0.0323527
  50 0.495 228.366 0.0840176
  51 0.505 233.236 0.00440933
  52 0.515 233.522 0.0193937
  53 0.525 236.61 0.0540619
  54 0.535 238.112 0.0437764
  55 0.545 246.188 -0.0118624
  56 0.555 238.442 0.0746241
  57 0.565 250.898 0.108328
  58 0.575 246.664 -0.059173
  59 0.585 245.562 0.0597542
  60 0.595 256.67 0.101549
  61 0.605 249.066 -0.0528703
  62 0.615 249.43 0.117919
  63 0.625 257.82 0.0323191
  64 0.635 248.592 -0.0115796
  65 0.645 249.732 0.069734
  66 0.655 264.978 -0.0357958
  67 0.665 254.3 0.136432
  68 0.675 254.29 -0.00849403
  69 0.685 268.096 0.0511379
  70 0.695 253.768 0.0492778
  71 0.705 263.366 0.0774612
  72 0.715 266.4 -0.0391789
  73 0.725 254.476 0.0460541
  74 0.735 259.594 0.0495347
  75 0.745 267.004 -0.0647354
  76 0.755 251.046 0.081256
  77 0.765 264.242 0.0574852
  78 0.775 265.108 -0.00264494
  79 0.785 251.518 -0.061972
  80 0.795 263.768 0.06802
  81 0.805 257.752 -0.0123807
  82 0.815 257.886 0.0670806
  83 0.825 254.338 0.0248865
  84 0.835 260.73 -0.111421
  85 0.845 258.198 0.0441682
  86 0.855 241.034 0.0319428
  87 0.865 263.936 0.0514712
  88 0.875 240.124 0.0571187
  89 0.885 234.98 -0.00688701
  90 0.895 238.048 0.0586073
  91 0.905 220.83 0.071667
  92 0.915 222.592 0.0906014
  93 0.925 215.976 0.0327816
  94 0.935 219.328 0.0993327
  95 0.945 213.978 0.00265493
  96 0.955 210.184 0.0669526
  97 0.965 201.71 0.0906554
  98 0.975 211.796 0.107839
  99 0.985 190.188 0.0228849
  100 0.995 201.398 0.0842668
20000 100 20999.999999999993
  1 0.005 194.674 0.00874928
  2 0.015 195.608 0.0967022
  3 0.025 192.294 0.0431397
  4 0.035 187.452 0.0259096
  5 0.045 183.642 0.0173305
  6 0.055 185.646 0.0399285
  7 0.065 183.164 0.117799
  8 0.075 175.746 -0.0305636
  9 0.085 179.012 0.0651709
  10 0.095 181.132 0.00691024
  11 0.105 178.114 -0.0127506
  12 0.115 175.714 0.100526
  13 0.125 183.716 0.0365508
  14 0.135 170.322 -0.0198425
  15 0.145 176.482 0.0956975
  16 0.155 179.378 -0.0275788
  17 0.165 173.676 0.0689061
  18 0.175 178.274 0.0186679
  19 0.185 175.024 -0.0414079
  20 0.195 170.212 0.10919
  21 0.205 174.048 -0.0607941
  22 0.215 173.886 0.0701148
  23 0.225 163.304 0.0697825
  24 0.235 169.64 -0.0645709
  25 0.245 173.808 0.0203548
  26 0.255 168.102 0.0777256
  27 0.265 168.614 0.045413
  28 0.275 167.61 -0.076527
  29 0.285 172.406 0.00379342
  30 0.295 169.88 0.114379
  31 0.305 177.796 0.0668706
  32 0.315 172.568 -0.055144
  33 0.325 176.452 0.0621416
  34 0.335 182.736 0.061518
  35 0.345 178.592 0.0248708
  36 0.355 180.514 0.0759542
  37 0.365 190.232 -0.0176008
  38 0.375 192.044 0.0401206
  39 0.385 187.906 0.0830527
  40 0.395 198.33 0.116871
  41 0.405 193.998 -0.130144
  42 0.415 196.654 0.131339
  43 0.425 200.844 0.0974217
  44 0.435 205.89 0.0491193
  45 0.445 192.776 -0.0323565
  46 0.455 216.558 0.0196938
  47 0.465 208.816 0.0946112
  48 0.475 205.348 0.0084526
  49 0.485 217.49 0.0642635
  50 0.495 218.492 0.0560335
  51 0.505 220.262 0.0112705
  52 0.515 227.644 0.0762745
  53 0.525 229.83 -0.0635173
  54 0.535 235.842 0.0737873
  55 0.545 235.48 0.136604
  56 0.555 237.162 -0.0616172
  57 0.565 238.946 0.0928657
  58 0.575 236.64 0.0073402
  59 0.585 240.61 0.0557028
  60 0.595 238.044 0.114149
  61 0.605 244.12 0.0128769
  62 0.615 237.372 0.0895826
  63 0.625 249.25 0.121219
  64 0.635 244.52 -0.0365464
  65 0.645 247.67 0.0952339
  66 0.655 250.524 0.0534257
  67 0.665 251.33 0.0421452
  68 0.675 249.762 0.0495102
  69 0.685 252.756 0.0647285
  70 0.695 248.552 -0.00527537
  71 0.705 253.808 0.139153
  72 0.715 254.786 0.000806575
  73 0.725 248.552 0.0396584
  74 0.735 254.006 0.0745449
  75 0.745 257.68 0.0709756
  76 0.755 240.488 0.0191844
  77 0.765 247.632 0.0508875
  78 0.775 251.77 0.0927319
  79 0.785 241.688 0.0258097
  80 0.795 238.54 -0.00958161
  81 0.805 244.758 0.0632255
  82 0.815 241.052 0.0618453
  83 0.825 238.088 0.0419489
  84 0.835 238.942 0.0544403
  85 0.845 239.568 -0.00551081
  86 0.855 236.432 0.088509
  87 0.865 235.752 0.046311
  88 0.875 229.676 0.021672
  89 0.885 229.458 0.020905
  90 0.895 229.194 0.0845866
  91 0.905 224.384 0.0337016
  92 0.915 217.462 0.0491235
  93 0.925 225.408 0.0553402
  94 0.935 213.79 0.113639
  95 0.945 209.7 0.00906802
  96 0.955 219.16 0.048108
  97 0.965 200.422 0.0788722
  98 0.975 199.082 0.0147586
  99 0.985 208.918 0.0576933
  100 0.995 198.872 0.12366
30000 100 20999.999999999996
  1 0.005 197.088 0.0147464
  2 0.015 203.14 -0.0159494
  3 0.025 202.372 0.0871973
  4 0.035 192.93 0.0314917
  5 0.045 198.894 -0.0518945
  6 0.055 195.026 0.0582801
  7 0.065 189.742 0.0717343
  8 0.075 189.086 0.0022191
  9 0.085 191.052 0.0608061
  10 0.095 183.364 0.066738
  11 0.105 182.808 -0.0272313
  12 0.115 185.078 0.0852986
  13 0.125 187.516 0.142928
  14 0.135 180.1 -0.0474746
  15 0.145 183.94 0.0204687
  16 0.155 184.518 0.0593184
  17 0.165 180.91 0.128759
  18 0.175 175.576 -0.0842148
  19 0.185 183.088 0.111035
  20 0.195 177.926 0.0547723
  21 0.205 179.366 0.00361103
  22 0.215 175.578 0.0057899
  23 0.225 183.642 0.0737074
  24 0.235 184.268 0.0137182
  25 0.245 175.654 -0.0566711
  26 0.255 186.064 0.0722389
  27 0.265 185.632 0.0912021
  28 0.275 177.012 -0.0704405
  29 0.285 190.418 0.0081044
  30 0.295 180.118 0.107285
  31 0.305 188.402 0.0641552
  32 0.315 191.14 -0.0829552
  33 0.325 184.944 0.0798257
  34 0.335 194.58 0.0571217
  35 0.345 191.672 0.00947301
  36 0.355 195.49 0.0440454
  37 0.365 193.048 -0.00713691
  38 0.375 201.714 0.00190513
  39 0.385 203.754 0.0636724
  40 0.395 194.854 -0.00521509
  41 0.405 203.812 -0.0101643
  42 0.415 210.032 0.105881
  43 0.425 201.926 0.0302134
  44 0.435 212.398 0.000936983
  45 0.445 209.372 0.0553307
  46 0.455 205.55 0.0205844
  47 0.465 211.414 -0.0279663
  48 0.475 211.072 0.0957477
  49 0.485 208.86 0.0571296
  50 0.495 213.366 -0.016348
  51 0.505 216.596 0.0747742
  52 0.515 209.772 0.0131412
  53 0.525 226.664 0.0419263
  54 0.535 221.536 0.100063
  55 0.545 223.712 -0.000254158
  56 0.555 226.908 0.00030542
  57 0.565 225.012 0.0817698
  58 0.575 236.38 0.0490023
  59 0.585 228.584 -0.0774763
  60 0.595 234.084 0.15699
  61 0.605 242.768 -0.0357744
  62 0.615 228.562 -0.0480345
  63 0.625 239.596 0.0921346
  64 0.635 247.852 0.00912728
  65 0.645 232.942 -0.0180978
  66 0.655 239.428 0.0144927
  67 0.665 257.514 0.0319774
  68 0.675 233.54 0.0114664
  69 0.685 236.404 0.00891302
  70 0.695 253.026 0.0301703
  71 0.705 236.758 0.0506812
  72 0.715 237.926 -0.0228541
  73 0.725 245.974 0.00293025
  74 0.735 237.294 0.0828077
  75 0.745 241.062 -0.011329
  76 0.755 240.336 -0.020916
  77 0.765 239.31 0.0811432
  78 0.775 233.928 0.0113828
  79 0.785 235.67 0.050068
  80 0.795 234.752 0.0609817
  81 0.805 238.39 -0.0773202
  82 0.815 232.568 0.0917532
  83 0.825 236.942 0.0926993
  84 0.835 233.156 -0.0589472
  85 0.845 226.398 0.106596
  86 0.855 228.32 -0.0140209
  87 0.865 230.412 0.0880346
  88 0.875 220.132 0.0939489
  89 0.885 218.184 -0.094124
  90 0.895 213.902 0.0273906
  91 0.905 220.546 0.116101
  92 0.915 214.334 0.0612865
  93 0.925 208.728 -0.0482284
  94 0.935 207.916 0.0806435
  95 0.945 205.118 -0.0354782
  96 0.955 203.598 0.0755421
  97 0.965 197.72 -0.0224448
  98 0.975 204.68 0.047852
  99 0.985 202.406 0.0575082
  100 0.995 203.354 0.0206633
40000 100 20999.999999999996
  1 0.005 193.986 0.00350014
  2 0.015 198.11 -0.0286156
  3 0.025 200.17 0.0808509
  4 0.035 201.568 0.0911865
  5 0.045 194.822 -0.0293852
  6 0.055 196.928 -0.0635123
  7 0.065 199.812 0.0745153
  8 0.075 198.21 0.0620351
  9 0.085 195.366 -0.0186427
  10 0.095 197.194 -0.0250107
  11 0.105 197.322 0.0851588
  12 0.115 195.296 -0.00296451
  13 0.125 195.826 0.080556
  14 0.135 192.406 -0.0136183
  15 0.145 194.324 0.0394181
  16 0.155 197.902 0.0662669
  17 0.165 189.942 -0.0540636
  18 0.175 194.958 -0.0287236
  19 0.185 193.284 0.0725558
  20 0.195 193.396 0.014711
  21 0.205 189.796 0.0425863
  22 0.215 190.984 -0.0116648
  23 0.225 192.382 -0.0232067
  24 0.235 195.484 0.0491908
  25 0.245 189.58 0.0425312
  26 0.255 187.634 -0.0393841
  27 0.265 188.432 0.0136356
  28 0.275 190.072 0.0272088
  29 0.285 187.474 0.00137731
  30 0.295 191.77 0.0499711
  31 0.305 188.664 0.0152429
  32 0.315 189.722 -0.0212902
  33 0.325 197.944 0.0810464
  34 0.335 191.202 0.0237518
  35 0.345 191.208 -0.0434931
  36 0.355 193.462 0.103718
  37 0.365 200.198 0.0750289
  38 0.375 190.722 -0.0820588
  39 0.385 192.918 -0.018773
  40 0.395 206.668 0.167637
  41 0.405 199.156 -0.0413796
  42 0.415 199.13 0.00957409
  43 0.425 208.326 0.0189569
  44 0.435 213.334 0.0302395
  45 0.445 205.518 -0.0122349
  46 0.455 206.532 0.0311582
  47 0.465 217.442 0.0137725
  48 0.475 211.278 0.053735
  49 0.485 209.786 0.0493057
  50 0.495 220.368 0.129358
  51 0.505 213.8 -0.0909587
  52 0.515 211.484 0.0421068
  53 0.525 222.798 0.10021
  54 0.535 217.932 0.0407279
  55 0.545 211.508 -0.0594717
  56 0.555 221.202 0.0483411
  57 0.565 222.388 -0.000564493
  58 0.575 216.64 0.0106447
  59 0.585 229.064 0.0177597
  60 0.595 225.382 7.44402e-05
  61 0.605 225.818 0.0841647
  62 0.615 228.972 -0.0814199
  63 0.625 226.812 0.0266955
  64 0.635 226.266 0.0230347
  65 0.645 234.718 0.0665968
  66 0.655 227.162 0.0339232
  67 0.665 232.772 0.0288468
  68 0.675 227.138 -0.0192653
  69 0.685 234.956 0.0590769
  70 0.695 227.892 -0.0335572
  71 0.705 231.472 0.0208675
  72 0.715 236.572 0.0872403
  73 0.725 232.292 0.0310999
  74 0.735 225.934 -0.0751846
  75 0.745 232.87 0.0168178
  76 0.755 230.13 0.0463679
  77 0.765 231.224 0.0463191
  78 0.775 229.91 0.0259664
  79 0.785 230.378 -0.0293051
  80 0.795 229.026 0.0294372
  81 0.805 232.868 0.0779459
  82 0.815 228.744 -0.00633535
  83 0.825 228.832 0.0171014
  84 0.835 226.118 0.00226575
  85 0.845 229.078 0.0151831
  86 0.855 221.296 0.0323469
  87 0.865 221.91 0.0557265
  88 0.875 221.426 -0.0157361
  89 0.885 213.346 -0.113568
  90 0.895 217.948 0.106117
  91 0.905 219.67 0.00242082
  92 0.915 210.604 0.016207
  93 0.925 217.3 -0.0120197
  94 0.935 211.972 -0.0469099
  95 0.945 208.98 0.0376312
  96 0.955 212.834 0.0224455
  97 0.965 210.808 0.043706
  98 0.975 204.652 0.0455444
  99 0.985 203.088 -0.0630233
  100 0.995 206.006 0.0613456
50000 100 21000.000000000015
  1 0.005 209.578 0.0813322
  2 0.015 196.648 -0.0584984
  3 0.025 197.002 0.0560495
  4 0.035 204.202 0.0383015
  5 0.045 202.536 0.00305585
  6 0.055 191.034 0.0185731
  7 0.065 212.312 0.0941514
  8 0.075 201.132 0.0105591
  9 0.085 189.524 -0.0110931
  10 0.095 203.732 -0.00454196
  11 0.105 203.672 0.0467357
  12 0.115 192.594 0.0631546
  13 0.125 196.8 -0.0077157
  14 0.135 201.53 0.0537247
  15 0.145 194.37 0.0224166
  16 0.155 190.428 0.0340143
  17 0.165 204.6 0.00908942
  18 0.175 200.622 0.0683424
  19 0.185 198.37 0.0163016
  20 0.195 200.264 0.0425264
  21 0.205 202.256 0.0108639
  22 0.215 201.522 -0.00276956
  23 0.225 205.456 0.103919
  24 0.235 198.466 -0.0288545
  25 0.245 194.966 0.0719481
  26 0.255 199.308 -0.037442
  27 0.265 205.886 0.0509339
  28 0.275 195.378 0.10944
  29 0.285 199.674 -0.0202037
  30 0.295 199.014 0.0326125
  31 0.305 197.104 -0.00496721
  32 0.315 203.58 0.116591
  33 0.325 198.284 -0.0739268
  34 0.335 199.036 0.0251125
  35 0.345 200.24 0.0617535
  36 0.355 205.654 0.0383295
  37 0.365 195.278 0.0236341
  38 0.375 204.356 0.0707169
  39 0.385 204.134 -0.0928857
  40 0.395 201.894 0.10119
  41 0.405 206.022 0.0159916
  42 0.415 211.126 -0.0364826
  43 0.425 205.814 0.0192394
  44 0.435 208.776 0.0682016
  45 0.445 215.84 0.00010695
  46 0.455 210.734 0.020678
  47 0.465 215.614 -0.0702123
  48 0.475 220.636 0.0880741
  49 0.485 216.538 0.00214378
  50 0.495 205.97 -0.0867945
  51 0.505 220.316 0.0998079
  52 0.515 217.342 -0.0405262
  53 0.525 205.154 0.0356063
  54 0.535 221.334 0.0400208
  55 0.545 226.74 -0.0391372
  56 0.555 206.318 -0.0278267
  57 0.565 220.992 0.0489304
  58 0.575 229.582 0.00670894
  59 0.585 214.07 0.0291014
  60 0.595 217.798 -0.0688913
  61 0.605 229.662 0.000943536
  62 0.615 214.752 0.0551839
  63 0.625 222.536 0.0197824
  64 0.635 225.02 -0.0258189
  65 0.645 221.974 0.0416558
  66 0.655 224.146 -0.0293106
  67 0.665 222.606 0.0234611
  68 0.675 228.9 0.0678328
  69 0.685 215.84 -0.0221981
  70 0.695 218.626 -0.00498993
  71 0.705 222.954 0.1151
  72 0.715 221.442 0.0155122
  73 0.725 215.12 -0.0428698
  74 0.735 224.052 0.0884058
  75 0.745 220.376 -0.04006
  76 0.755 218.242 -0.0120639
  77 0.765 221.81 0.0760044
  78 0.775 221.266 0.0464593
  79 0.785 218.852 -0.0710729
  80 0.795 222.89 0.0785535
  81 0.805 219.792 0.0175093
  82 0.815 223.146 0.0207975
  83 0.825 216.75 -0.00266274
  84 0.835 224.32 0.0764328
  85 0.845 223.336 0.0279066
  86 0.855 211.272 -0.0326649
  87 0.865 222.596 0.00624656
  88 0.875 216.88 0.0920949
  89 0.885 210.48 0.0114043
  90 0.895 214.262 0.00666971
  91 0.905 210.95 0.0918523
  92 0.915 212.104 -0.00417725
  93 0.925 210.904 0.0253237
  94 0.935 211.456 0.0663625
  95 0.945 208.116 -0.052543
  96 0.955 206.276 0.0438375
  97 0.965 212.098 0.110757
  98 0.975 206.142 -0.0557159
  99 0.985 201.896 -0.0386576
  100 0.995 207.006 0.0961329
60000 100 21000.00000000001
  1 0.005 206.498 0.0128788
  2 0.015 209.626 -0.0267198
  3 0.025 211.796 -0.0131159
  4 0.035 209.9 0.082121
  5 0.045 203.002 -0.0847364
  6 0.055 209.842 0.0363675
  7 0.065 204.888 0.0516361
  8 0.075 208.072 -0.0808102
  9 0.085 208.806 0.0804075
  10 0.095 201.248 -0.000753783
  11 0.105 206.528 -0.0377076
  12 0.115 205.924 0.0266165
  13 0.125 203.608 0.0714432
  14 0.135 205.674 -0.0572214
  15 0.145 208.246 0.0360434
  16 0.155 201.2 -0.0159819
  17 0.165 206.586 0.097098
  18 0.175 202.088 0.0266291
  19 0.185 201.89 -0.00309243
  20 0.195 204.398 0.0261183
  21 0.205 208.622 0.0312979
  22 0.215 201.312 0.0289502
  23 0.225 201.718 0.0841026
  24 0.235 203.84 -0.011028
  25 0.245 202.28 0.0094358
  26 0.255 202.712 0.0880162
  27 0.265 201.384 0.00918375
  28 0.275 200.288 -0.0299154
  29 0.285 196.878 0.108129
  30 0.295 196.468 0.034772
  31 0.305 201.958 0.0150406
  32 0.315 192.296 0.0622097
  33 0.325 200.592 0.0452962
  34 0.335 200.834 0.0229169
  35 0.345 196.6 0.0212096
  36 0.355 204.17 0.0861403
  37 0.365 200.604 0.0113269
  38 0.375 200.102 0.00143811
  39 0.385 211.812 0.0488803
  40 0.395 209.822 0.09865
  41 0.405 207.752 -0.0298125
  42 0.415 209.712 0.040667
  43 0.425 220.924 0.0963593
  44 0.435 209.944 0.0317016
  45 0.445 211.024 0.0281331
  46 0.455 212.856 0.0234309
  47 0.465 213.656 0.0299915
  48 0.475 214.928 -0.0323967
  49 0.485 215.304 0.131562
  50 0.495 220.324 -0.0250437
  51 0.505 212.624 -9.40045e-05
  52 0.515 215.138 0.103814
  53 0.525 213.384 -0.0251598
  54 0.535 222.706 0.0702154
  55 0.545 216.028 0.0316995
  56 0.555 219.54 0.0632885
  57 0.565 213.07 -0.00997358
  58 0.575 215.114 -0.0141132
  59 0.585 221.048 0.0216902
  60 0.595 222.806 0.0489683
  61 0.605 219.344 0.0313693
  62 0.615 216.918 -0.0308706
  63 0.625 219.108 0.0381402
  64 0.635 216.632 0.0246323
  65 0.645 217.258 -0.0190932
  66 0.655 218.092 0.0839855
  67 0.665 217.958 0.118027
  68 0.675 211.19 -0.141023
  69 0.685 216.566 0.0406306
  70 0.695 213.082 0.0442752
  71 0.705 221.984 0.0780762
  72 0.715 209.982 0.042222
  73 0.725 219.452 0.0127395
  74 0.735 214.558 -0.0339084
  75 0.745 219.84 0.0886814
  76 0.755 221.008 0.00641784
  77 0.765 211.87 -0.0105814
  78 0.775 216.876 0.0553406
  79 0.785 220.212 0.00719019
  80 0.795 211.262 -0.00846299
  81 0.805 216.04 -0.00135194
  82 0.815 221.678 0.109663
  83 0.825 210.93 0.016025
  84 0.835 211.912 -0.0608758
  85 0.845 218.736 0.154463
  86 0.855 213.932 -0.00553296
  87 0.865 204.142 0.0468351
  88 0.875 212.248 -0.00092834
  89 0.885 219.366 0.0563907
  90 0.895 203.602 0.0590546
  91 0.905 205.436 0.00829581
  92 0.915 212.116 0.0359006
  93 0.925 202.06 0.0762791
  94 0.935 209.188 -0.0525793
  95 0.945 204.26 0.0234161
  96 0.955 209.49 0.0222431
  97 0.965 208.662 0.0409131
  98 0.975 203.162 -0.016602
  99 0.985 208.918 -0.0264856
  100 0.995 208.936 0.0450936
70000 100 21000
  1 0.005 213.05 0.0662131
  2 0.015 208.74 0.0308235
  3 0.025 204.398 0.0101474
  4 0.035 209.448 0.0466217
  5 0.045 208.586 0.0961458
  6 0.055 199.05 0.114087
  7 0.065 198.99 -0.0547686
  8 0.075 204.696 0.115024
  9 0.085 193.924 0.100751
  10 0.095 203.982 0.0862397
  11 0.105 200.558 0.0389368
  12 0.115 196.352 0.0577742
  13 0.125 197.434 0.120614
  14 0.135 202.74 0.0119249
  15 0.145 199.624 0.0583329
  16 0.155 201.026 0.0517523
  17 0.165 210.068 0.0135259
  18 0.175 201.348 0.0983519
  19 0.185 200.976 0.0395279
  20 0.195 204.172 0.00388343
  21 0.205 204.6 0.119835
  22 0.215 204.34 0.101523
  23 0.225 201.884 0.00970254
  24 0.235 203.736 0.0375079
  25 0.245 202.226 0.0826488
  26 0.255 199.014 0.121856
  27 0.265 208.828 0.0293177
  28 0.275 197.242 0.0266454
  29 0.285 200.17 0.124727
  30 0.295 209.116 0.0122269
  31 0.305 202.712 0.104581
  32 0.315 201.076 0.0277709
  33 0.325 205.286 0.0116229
  34 0.335 211.468 0.00158673
  35 0.345 206.338 0.131846
  36 0.355 211.774 -0.00103594
  37 0.365 215.028 0.0140106
  38 0.375 207.744 0.0537105
  39 0.385 214.234 0.0862994
  40 0.395 213.238 0.0112665
  41 0.405 208.792 0.0926506
  42 0.415 212.648 0.0814093
  43 0.425 211.782 -0.0213725
  44 0.435 211.198 0.0926357
  45 0.445 213.906 0.0259461
  46 0.455 223.54 0.068845
  47 0.465 209.478 -0.00530872
  48 0.475 220.66 0.0360928
  49 0.485 214.564 0.0922453
  50 0.495 212.918 0.0253391
  51 0.505 218.88 0.0123284
  52 0.515 214.556 0.072665
  53 0.525 216.25 -0.00684836
  54 0.535 214.22 0.0404412
  55 0.545 223.56 0.0588018
  56 0.555 214.012 -0.0157361
  57 0.565 215.982 0.0250471
  58 0.575 222.658 0.031366
  59 0.585 213.072 0.0709755
  60 0.595 215.972 0.0271639
  61 0.605 217.436 -0.098976
  62 0.615 209.674 0.0652684
  63 0.625 216.27 0.117807
  64 0.635 215.214 0.0411316
  65 0.645 207.738 0.0159787
  66 0.655 208.688 0.00121152
  67 0.665 218.05 0.135778
  68 0.675 208.054 -0.0175774
  69 0.685 203.736 0.0680024
  70 0.695 214.526 0.0241324
  71 0.705 217.706 0.0958403
  72 0.715 207.69 -0.00706358
  73 0.725 217.362 0.0600992
  74 0.735 218.408 0.0759374
  75 0.745 213.358 0.0900352
  76 0.755 208.406 0.0419408
  77 0.765 213.484 -0.0311903
  78 0.775 213.114 0.0462847
  79 0.785 214.334 0.101401
  80 0.795 213.754 0.00467977
  81 0.805 217.928 0.0523439
  82 0.815 215.81 0.0490228
  83 0.825 213.798 0.0877952
  84 0.835 214.144 0.0698868
  85 0.845 216.572 0.0327707
  86 0.855 208.392 0.0549076
  87 0.865 212.938 0.087942
  88 0.875 220.488 0.144627
  89 0.885 205.762 -0.0373536
  90 0.895 212.586 0.0736559
  91 0.905 215.728 0.102232
  92 0.915 207.52 0.0354966
  93 0.925 214.9 0.0451918
  94 0.935 214.076 0.0763921
  95 0.945 208.106 0.0444655
  96 0.955 212.448 -0.0248578
  97 0.965 211.11 0.124549
  98 0.975 209.262 -0.0269443
  99 0.985 214.962 0.0547522
  100 0.995 208.604 0.0744848
80000 100 20999.999999999996
  1 0.005 207.708 0.142275
  2 0.015 209.246 0.0895394
  3 0.025 202.924 0.0394465
  4 0.035 209.428 0.100812
  5 0.045 206.06 0.0508317
  6 0.055 201.204 0.0783269
  7 0.065 205.78 0.0975642
  8 0.075 212.268 0.0735968
  9 0.085 193.826 0.063693
  10 0.095 206.98 -0.0164831
  11 0.105 208.402 0.133403
  12 0.115 195.622 0.0276683
  13 0.125 200.286 0.00691453
  14 0.135 204.922 0.100124
  15 0.145 198.174 0.107732
  16 0.155 204.18 -0.0153583
  17 0.165 205.264 0.111812
  18 0.175 202.528 0.0577696
  19 0.185 203.018 0.0662404
  20 0.195 208.842 0.0918263
  21 0.205 201.11 0.0444232
  22 0.215 200.962 0.0367969
  23 0.225 207.662 0.0982757
  24 0.235 210.912 0.0620176
  25 0.245 203.882 0.0988663
  26 0.255 210.458 0.0225416
  27 0.265 209.118 0.145901
  28 0.275 206.512 -0.0300332
  29 0.285 208.066 0.104506
  30 0.295 203.526 0.0652435
  31 0.305 212.18 0.0164319
  32 0.315 205.246 0.145566
  33 0.325 209.314 0.0960381
  34 0.335 207.886 -0.00914623
  35 0.345 204.148 0.0745907
  36 0.355 211.974 0.0463929
  37 0.365 210.432 0.0404434
  38 0.375 207.95 0.109243
  39 0.385 215.474 0.0291694
  40 0.395 210.854 0.0631125
  41 0.405 210.956 0.0110079
  42 0.415 219.536 0.100136
  43 0.425 213.322 0.0593701
  44 0.435 210.392 0.011519
  45 0.445 215.866 0.02596
  46 0.455 217.162 0.152703
  47 0.465 209.034 0.0474895
  48 0.475 215.02 -0.00722476
  49 0.485 207.978 0.107214
  50 0.495 213.548 0.117468
  51 0.505 209.564 0.0425719
  52 0.515 213.646 0.0246092
  53 0.525 216.978 0.139307
  54 0.535 216.852 0.0233249
  55 0.545 212.472 0.0859034
  56 0.555 217.2 0.0119961
  57 0.565 215.262 0.0932641
  58 0.575 207.726 0.0810257
  59 0.585 214.092 -0.0177839
  60 0.595 214.128 0.0700252
  61 0.605 209.272 0.162695
  62 0.615 208.366 0.0212228
  63 0.625 213.544 0.0395405
  64 0.635 212.398 0.0541224
  65 0.645 218.764 0.154819
  66 0.655 213.23 0.0166462
  67 0.665 215.208 0.0241201
  68 0.675 214.438 0.0835189
  69 0.685 211.94 0.0218964
  70 0.695 216.28 0.0937176
  71 0.705 212.864 -0.0164633
  72 0.715 217.254 0.000217466
  73 0.725 216.996 0.204374
  74 0.735 217.076 0.0228419
  75 0.745 211.65 -0.0784858
  76 0.755 214.72 0.0770402
  77 0.765 222.452 0.0971898
  78 0.775 210.906 0.00789704
  79 0.785 212.912 -0.0747363
  80 0.795 214.684 0.105298
  81 0.805 210.176 0.0610004
  82 0.815 210.094 0.100903
  83 0.825 205.96 -0.0648555
  84 0.835 208.944 0.0463487
  85 0.845 214.444 0.138523
  86 0.855 207.254 0.0871547
  87 0.865 213.074 -0.00304233
  88 0.875 204.62 0.0653373
  89 0.885 210.6 0.101377
  90 0.895 209.834 -0.0403813
  91 0.905 209.806 0.112258
  92 0.915 212.34 0.0636021
  93 0.925 212.208 0.0172604
  94 0.935 209.76 0.0873569
  95 0.945 213.3 0.0372781
  96 0.955 214.502 0.0497437
  97 0.965 207.048 0.0160659
  98 0.975 209.644 0.0963516
  99 0.985 210.978 0.00384395
  100 0.995 205.398 0.0547553
90000 100 21000.000000000004
  1 0.005 204.71 0.0738166
  2 0.015 209.9 0.123142
  3 0.025 211.798 -0.0199719
  4 0.035 202.388 0.0623858
  5 0.045 207.314 0.0577238
  6 0.055 203.906 0.014824
  7 0.065 205.838 -0.0143596
  8 0.075 206.274 0.0372295
  9 0.085 205.506 0.0368717
  10 0.095 207.592 -0.0350054
  11 0.105 204.672 0.0675625
  12 0.115 208.946 0.0376618
  13 0.125 206.794 -0.0422696
  14 0.135 203.05 -0.00269614
  15 0.145 210.2 0.0125384
  16 0.155 214.494 -0.0301726
  17 0.165 202.924 0.00510731
  18 0.175 211.264 -0.0194085
  19 0.185 218.188 0.0441953
  20 0.195 203.632 -0.0261377
  21 0.205 207.15 -0.0386995
  22 0.215 217.912 0.0709423
  23 0.225 203.974 -0.0722125
  24 0.235 205.952 -0.00529479
  25 0.245 219.528 -0.0154855
  26 0.255 213.77 -0.0133616
  27 0.265 208.584 0.0458351
  28 0.275 212.908 -0.0669065
  29 0.285 213.834 -0.0171578
  30 0.295 208.234 0.0306972
  31 0.305 206.064 -0.0950563
  32 0.315 209.568 0.0202764
  33 0.325 208.086 0.0127031
  34 0.335 208.916 -0.014919
  35 0.345 211.892 -0.0121836
  36 0.355 206.854 0.0336523
  37 0.365 203.63 -0.00716129
  38 0.375 213.448 -0.0603718
  39 0.385 209.838 0.0406431
  40 0.395 204.32 0.0260555
  41 0.405 212.518 0.0323931
  42 0.415 212.34 -0.0147621
  43 0.425 204.598 -0.0301652
  44 0.435 211.428 0.0124473
  45 0.445 211.34 0.0385776
  46 0.455 212.824 0.0231439
  47 0.465 209.086 -0.0550768
  48 0.475 211.432 0.111335
  49 0.485 214.9 -0.00908799
  50 0.495 213.49 0.0224696
  51 0.505 208.258 -0.062117
  52 0.515 215.73 0.0420601
  53 0.525 213.434 0.0169815
  54 0.535 218.484 0.032027
  55 0.545 215.484 -0.00543425
  56 0.555 215.808 0.00431011
  57 0.565 216.152 -0.0205513
  58 0.575 216.99 0.0106294
  59 0.585 214.794 0.0560725
  60 0.595 212.646 -0.0052774
  61 0.605 221.89 0.0433147
  62 0.615 212.462 0.0189333
  63 0.625 216.51 0.00821115
  64 0.635 212.458 -0.0301481
  65 0.645 210.272 0.0985405
  66 0.655 216.07 0.0423423
  67 0.665 212.99 -0.00778037
  68 0.675 208.976 -0.0751741
  69 0.685 219.94 0.0847688
  70 0.695 209.774 -0.00118915
  71 0.705 214.482 0.017964
  72 0.715 215.332 0.0382958
  73 0.725 214.758 0.0949134
  74 0.735 208.404 -0.0899604
  75 0.745 208.042 0.0713425
  76 0.755 212.352 0.0408627
  77 0.765 208.736 0.10168
  78 0.775 204.554 0.0121017
  79 0.785 206.856 0.022421
  80 0.795 208.768 0.0251995
  81 0.805 201.544 0.0557092
  82 0.815 202.818 -0.034598
  83 0.825 210.564 0.133358
  84 0.835 199.324 0.00603473
  85 0.845 205.252 -0.0429932
  86 0.855 210.762 0.0744983
  87 0.865 205.586 0.0527451
  88 0.875 211.1 -0.0351302
  89 0.885 204.038 0.0251239
  90 0.895 208.016 -0.0258079
  91 0.905 215.534 0.0951928
  92 0.915 207.532 -0.0377374
  93 0.925 206.534 0.0673075
  94 0.935 208.75 -0.0684836
  95 0.945 215.328 0.116423
  96 0.955 203.468 0.0393308
  97 0.965 210.262 -0.0123692
  98 0.975 207.56 0.0296602
  99 0.985 205.83 0.0790468
  100 0.995 210.984 -0.0848858
100000 100 21000
  1 0.005 212.464 -0.0157951
  2 0.015 207.682 -0.0113389
  3 0.025 201.486 0.0280452
  4 0.035 216.462 -0.0761955
  5 0.045 204.944 -0.0331169
  6 0.055 211.79 0.0615334
  7 0.065 213.318 -0.0943323
  8 0.075 207.818 0.0749409
  9 0.085 209.992 -0.109588
  10 0.095 214.216 0.0850604
  11 0.105 213.256 0.0754475
  12 0.115 201.866 -0.0624923
  13 0.125 217.072 -0.0759911
  14 0.135 215.17 0.0303398
  15 0.145 207.602 0.0417082
  16 0.155 213.658 -0.0215544
  17 0.165 212.318 -0.0274087
  18 0.175 206.768 -0.0204523
  19 0.185 217.416 -0.0329211
  20 0.195 212.266 -0.0417616
  21 0.205 214.952 -0.00902077
  22 0.215 212.998 0.0575548
  23 0.225 210.312 -0.0511404
  24 0.235 211.752 -0.0234209
  25 0.245 209.012 -0.00750029
  26 0.255 212.764 0.0369407
  27 0.265 207.994 -0.00411879
  28 0.275 210.738 -0.0230485
  29 0.285 211.548 -0.022633
  30 0.295 208.396 -0.0394782
  31 0.305 212.082 0.0735493
  32 0.315 206.788 -0.041849
  33 0.325 209.028 -0.0151888
  34 0.335 210.76 0.0254522
  35 0.345 214.716 -0.0255092
  36 0.355 211.598 0.046203
  37 0.365 208.752 -0.0198944
  38 0.375 210.466 -0.0521863
  39 0.385 213.212 0.0216
  40 0.395 208.658 -0.0130238
  41 0.405 208.876 0.0230525
  42 0.415 213.758 -0.00903028
  43 0.425 208.706 -0.0163238
  44 0.435 210.806 0.0554744
  45 0.445 211.372 -0.0468331
  46 0.455 210.334 -0.0534328
  47 0.465 214.48 0.0771525
  48 0.475 217.304 -0.000179542
  49 0.485 203.622 0.00102548
  50 0.495 214.118 -0.0513119
  51 0.505 213.518 -0.0021553
  52 0.515 214.902 0.0350147
  53 0.525 215.07 -0.139798
  54 0.535 218.936 0.0660734
  55 0.545 221.05 0.021759
  56 0.555 211.186 -0.0685391
  57 0.565 210.49 -0.0293024
  58 0.575 218.772 0.0170128
  59 0.585 207.504 0.068955
  60 0.595 209.71 -0.0670062
  61 0.605 215.692 -0.0235008
  62 0.615 214.196 0.0421546
  63 0.625 214.312 0.0364895
  64 0.635 211.762 -0.0659875
  65 0.645 214.494 -0.0209874
  66 0.655 212.342 0.0882111
  67 0.665 212.198 -0.0305885
  68 0.675 217.646 -0.0113413
  69 0.685 204.872 0.0325431
  70 0.695 212.27 0.0112007
  71 0.705 208.37 -0.0630676
  72 0.715 209.152 0.0657002
  73 0.725 209.53 0.00705366
  74 0.735 205.662 -0.00274646
  75 0.745 205.334 -0.0105247
  76 0.755 209.308 -0.0327491
  77 0.765 205.954 0.0558508
  78 0.775 202.826 -0.0493419
  79 0.785 205.518 0.0185769
  80 0.795 205.584 0.0315834
  81 0.805 199.166 -0.0130494
  82 0.815 203.816 0.0147067
  83 0.825 204.81 -0.00444231
  84 0.835 200.372 -0.0205459
  85 0.845 202.03 -0.0541245
  86 0.855 210.608 -0.00940989
  87 0.865 202.726 0.0265972
  88 0.875 208.364 -0.0946972
  89 0.885 215.374 0.0486742
  90 0.895 202.748 -0.032696
  91 0.905 206.216 -0.0218315
  92 0.915 210.556 0.0279323
  93 0.925 199.22 -0.0457098
  94 0.935 209.264 -0.0444138
  95 0.945 209.862 0.036051
  96 0.955 203.39 0.0223739
  97 0.965 205.37 -0.0551792
  98 0.975 212.068 0.0906723
  99 0.985 204.08 -0.0417777
  100 0.995 204.334 -0.0193921
110000 100 20999.99999999999
  1 0.005 208.04 -0.0922405
  2 0.015 208.256 0.029806
  3 0.025 217.674 0.0750357
  4 0.035 208.03 -0.0535102
  5 0.045 206.98 -0.0326634
  6 0.055 214.494 0.0668862
  7 0.065 206.834 0.0145372
  8 0.075 206.412 -0.0312712
  9 0.085 211.786 0.12814
  10 0.095 208.7 -0.100594
  11 0.105 210.002 0.0624223
  12 0.115 213.244 -0.0372862
  13 0.125 215.992 0.000516711
  14 0.135 210.23 -0.00263847
  15 0.145 215.886 -0.0151411
  16 0.155 207.516 -0.0111664
  17 0.165 209.948 -0.046077
  18 0.175 214.908 -0.00784436
  19 0.185 209.98 -0.00868212
  20 0.195 209.578 -0.129859
  21 0.205 215.834 -0.0137117
  22 0.215 212.984 0.00662625
  23 0.225 217.414 -0.0624209
  24 0.235 211.698 -0.0566823
  25 0.245 212.904 -0.0441813
  26 0.255 212.054 0.00719366
  27 0.265 208.384 -0.0195049
  28 0.275 216.198 0.00130549
  29 0.285 210.744 0.0265631
  30 0.295 211.47 -0.0969258
  31 0.305 210.386 0.0026376
  32 0.315 217.218 0.0761878
  33 0.325 210.344 -0.113745
  34 0.335 213.892 0.0379918
  35 0.345 210.054 0.0163001
  36 0.355 214.744 -0.0753887
  37 0.365 205.14 -0.00891987
  38 0.375 215.234 0.0307174
  39 0.385 213.738 -0.0766859
  40 0.395 205.556 0.0262955
  41 0.405 216.782 -0.0254084
  42 0.415 208.752 0.0151574
  43 0.425 208.394 -0.0670284
  44 0.435 214.85 0.0230975
  45 0.445 210.51 -0.00660911
  46 0.455 209.71 -0.0329486
  47 0.465 205.832 -0.0817419
  48 0.475 221.212 0.0618921
  49 0.485 201.312 -0.0295984
  50 0.495 206.244 -0.0531982
  51 0.505 211.39 0.0367155
  52 0.515 208.682 0.0274063
  53 0.525 210.276 -0.0393158
  54 0.535 210.81 0.0446357
  55 0.545 213.66 0.0890135
  56 0.555 201.19 -0.12275
  57 0.565 214.01 0.0671072
  58 0.575 217.288 0.0744027
  59 0.585 202.202 -0.068251
  60 0.595 208.03 0.051853
  61 0.605 213.212 0.0743829
  62 0.615 206.85 -0.0210476
  63 0.625 205.48 0.121617
  64 0.635 205.282 -0.154038
  65 0.645 215.446 0.162408
  66 0.655 202.79 0.0975326
  67 0.665 211.702 -0.0324607
  68 0.675 208.644 0.0386771
  69 0.685 208.264 0.000921923
  70 0.695 213.568 0.0339143
  71 0.705 209.344 0.0475866
  72 0.715 209.826 0.00755524
  73 0.725 206.926 -0.0191051
  74 0.735 211.572 0.0659633
  75 0.745 209.722 0.0211505
  76 0.755 209 0.00746875
  77 0.765 212.802 -0.00583372
  78 0.775 210.082 0.056002
  79 0.785 204.652 -0.0112878
  80 0.795 201.402 0.00256478
  81 0.805 211.688 0.0304287
  82 0.815 204.354 -0.059656
  83 0.825 198.034 -0.0221957
  84 0.835 206.872 0.0682184
  85 0.845 206.682 -0.00624057
  86 0.855 198.424 -0.0122569
  87 0.865 206.018 -0.0173218
  88 0.875 208.86 0.00185118
  89 0.885 202.32 -0.0119221
  90 0.895 206.722 -0.0703107
  91 0.905 214.418 0.0271319
  92 0.915 204.118 0.0860968
  93 0.925 214.566 -0.033448
  94 0.935 211.428 0.0050822
  95 0.945 208.846 -0.063168
  96 0.955 210.242 0.0610633
  97 0.965 212.498 0.0207574
  98 0.975 208.792 -0.0362392
  99 0.985 208.264 0.0371058
  100 0.995 218.672 0.0255448
120000 100 20999.999999999996
  1 0.005 208.888 0.0346861
  2 0.015 208.904 0.0390189
  3 0.025 207.928 0.024477
  4 0.035 214.246 0.0384587
  5 0.045 216.804 -0.0513352
  6 0.055 210.264 0.0982404
  7 0.065 213.222 -0.0548276
  8 0.075 221.756 0.106545
  9 0.085 216.362 0.00304465
  10 0.095 212.43 -0.0338823
  11 0.105 213.01 0.0351749
  12 0.115 220.388 0.0412181
  13 0.125 211.148 -0.00250407
  14 0.135 212.25 0.0284084
  15 0.145 217.104 -0.0228826
  16 0.155 214.78 0.0193819
  17 0.165 206.586 -0.0493655
  18 0.175 216.986 0.0856827
  19 0.185 209.262 -0.00419494
  20 0.195 205.986 -0.0451914
  21 0.205 212.278 -0.00593895
  22 0.215 207.28 0.0227712
  23 0.225 214.562 0.0301581
  24 0.235 206.73 -0.0477225
  25 0.245 209.03 0.0638811
  26 0.255 218.564 -0.0361307
  27 0.265 207.19 0.0364921
  28 0.275 202.792 -0.0633799
  29 0.285 217.976 0.0657728
  30 0.295 209.582 -0.0839335
  31 0.305 213.91 0.0163444
  32 0.315 218.038 0.117998
  33 0.325 212.654 -0.0689446
  34 0.335 209.122 -0.0444872
  35 0.345 219.132 0.124417
  36 0.355 216.454 -0.00592311
  37 0.365 204.494 -0.0470363
  38 0.375 212.64 0.0236622
  39 0.385 215.186 0.0450426
  40 0.395 200.828 0.0330514
  41 0.405 207.918 -0.0105878
  42 0.415 210.168 0.0014225
  43 0.425 201.78 0.0349027
  44 0.435 206.556 0.11018
  45 0.445 209.348 -0.0273063
  46 0.455 198.608 -0.0231648
  47 0.465 204.654 0.108105
  48 0.475 208.314 -0.0175546
  49 0.485 200.446 -0.0898521
  50 0.495 206.584 0.144731
  51 0.505 210.592 0.0219912
  52 0.515 200.766 -0.0806699
  53 0.525 206.36 0.0257968
  54 0.535 210.534 0.0735917
  55 0.545 197.446 0.0256806
  56 0.555 199.304 -0.0672326
  57 0.565 218.85 0.0848205
  58 0.575 203.206 0.0169291
  59 0.585 205.216 -0.000848767
  60 0.595 211.93 -0.0424097
  61 0.605 207.818 0.106674
  62 0.615 208.08 0.0109317
  63 0.625 212.65 -0.102552
  64 0.635 211.246 0.0704378
  65 0.645 212.886 -0.0477505
  66 0.655 211.518 -0.0318002
  67 0.665 213.618 0.0847406
  68 0.675 209.44 -0.0754421
  69 0.685 204.952 -0.0358997
  70 0.695 215.42 0.0263474
  71 0.705 208.83 -0.0160828
  72 0.715 213.666 0.0240594
  73 0.725 211.33 -0.0656376
  74 0.735 206.03 0.0402188
  75 0.745 214.944 -0.00278727
  76 0.755 212.376 -0.0360455
  77 0.765 209.076 0.0203471
  78 0.775 211.43 -0.00546161
  79 0.785 203.406 -0.0321704
  80 0.795 213.966 0.0251985
  81 0.805 208.67 0.0285876
  82 0.815 203.268 -6.01612e-05
  83 0.825 206.604 -0.0910879
  84 0.835 207.842 0.0257697
  85 0.845 205.356 0.0113524
  86 0.855 210.54 0.0282617
  87 0.865 213.38 0.0692311
  88 0.875 203.764 -0.142241
  89 0.885 208.802 -0.0489783
  90 0.895 214.62 0.128404
  91 0.905 203.078 -0.0691432
  92 0.915 215.102 -0.0237208
  93 0.925 213.494 0.0573088
  94 0.935 210.956 -0.0266373
  95 0.945 209.776 -0.0203528
  96 0.955 212.994 0.00554774
  97 0.965 208.088 -0.0109359
  98 0.975 211.682 0.0762002
  99 0.985 204.606 0.00131766
  100 0.995 209.37 -0.0618932
130000 100 21000.000000000004
  1 0.005 217.828 0.0597509
  2 0.015 210.99 -0.0564696
  3 0.025 214.296 0.0494929
  4 0.035 214.674 0.0508104
  5 0.045 212.13 0.0109655
  6 0.055 211.628 -0.0842675
  7 0.065 216.644 0.0273944
  8 0.075 212.456 0.0552618
  9 0.085 212.958 -0.0759437
  10 0.095 217.586 -0.00586881
  11 0.105 211.496 0.0396021
  12 0.115 222.744 0.0341825
  13 0.125 206.836 -0.0672621
  14 0.135 217.148 -0.0269529
  15 0.145 216.866 -0.0127729
  16 0.155 217.472 0.0247538
  17 0.165 205.086 -0.0173092
  18 0.175 219.122 -0.0491674
  19 0.185 215.878 0.0323471
  20 0.195 205.26 0.0455154
  21 0.205 215.14 -0.0707743
  22 0.215 213.256 -0.0442827
  23 0.225 210.594 0.109324
  24 0.235 209.652 -0.082875
  25 0.245 215.384 0.0540439
  26 0.255 201.13 0.0197908
  27 0.265 211.636 -0.0380665
  28 0.275 218.494 0.024382
  29 0.285 202.232 0.0216004
  30 0.295 212.726 -0.0656724
  31 0.305 217.664 -0.00922014
  32 0.315 211.256 0.0641165
  33 0.325 211.776 -0.0775167
  34 0.335 214.194 0.0020612
  35 0.345 205.448 0.0495039
  36 0.355 207.626 -0.0582801
  37 0.365 211.176 0.045593
  38 0.375 202.252 -0.0163923
  39 0.385 205.394 0.00305333
  40 0.395 214.974 0.0905875
  41 0.405 203.976 -0.0806684
  42 0.415 206.842 0.0648112
  43 0.425 212.496 0.042699
  44 0.435 204.348 -0.0115695
  45 0.445 201.606 -0.0496301
  46 0.455 214.76 0.0149359
  47 0.465 205.596 0.0729918
  48 0.475 207.234 -0.0541161
  49 0.485 207.884 -0.0462619
  50 0.495 210.24 7.45103e-06
  51 0.505 208.678 0.0688659
  52 0.515 211.642 -0.0406126
  53 0.525 206.028 -0.0256772
  54 0.535 207.284 -0.076466
  55 0.545 209.352 0.0207772
  56 0.555 205.638 -0.0341839
  57 0.565 213.254 0.000657176
  58 0.575 207.614 0.0114507
  59 0.585 204.658 -0.0238829
  60 0.595 209.766 -0.0180376
  61 0.605 211.946 -0.0572037
  62 0.615 204.928 0.0700102
  63 0.625 206.01 -0.0324214
  64 0.635 214.138 0.00238114
  65 0.645 204.274 -0.0372517
  66 0.655 206.63 -0.0714244
  67 0.665 211.948 0.0843019
  68 0.675 211.7 0.00225984
  69 0.685 203.208 -0.0701321
  70 0.695 214.294 -0.0113029
  71 0.705 212.628 0.0373503
  72 0.715 206.196 -0.00794224
  73 0.725 205.864 -0.0480418
  74 0.735 211.894 0.0502196
  75 0.745 202.778 0.0572935
  76 0.755 203.258 -0.0220843
  77 0.765 204.95 -0.0564173
  78 0.775 206.394 0.040386
  79 0.785 203.744 0.00356574
  80 0.795 210.484 0.0276771
  81 0.805 205.996 -0.0212959
  82 0.815 203.604 -0.0131875
  83 0.825 208.098 0.044726
  84 0.835 209.102 0.0965572
  85 0.845 202.244 -0.0792079
  86 0.855 212.446 0.0436509
  87 0.865 208.09 -0.000236578
  88 0.875 207.846 0.106985
  89 0.885 209.908 0.0237552
  90 0.895 205.532 0.0236818
  91 0.905 209.108 0.0248384
  92 0.915 213.34 0.0252709
  93 0.925 211.294 0.0461227
  94 0.935 204.5 0.0618517
  95 0.945 215.508 -0.0456307
  96 0.955 215.5 0.0576314
  97 0.965 212.192 0.0637149
  98 0.975 216.236 -0.0625712
  99 0.985 211.906 -0.0522173
  100 0.995 210.286 0.0760242
140000 100 20999.999999999996
  1 0.005 214.008 0.0805948
  2 0.015 219.676 0.0459534
  3 0.025 210.732 -0.0709776
  4 0.035 206.444 0.00439145
  5 0.045 216.522 0.0592255
  6 0.055 208.156 -0.044123
  7 0.065 205.462 0.030992
  8 0.075 218.092 -0.00128838
  9 0.085 213.006 0.00635829
  10 0.095 209.934 0.00222001
  11 0.105 211.502 0.00674361
  12 0.115 220.304 -0.0417786
  13 0.125 210.252 0.0493826
  14 0.135 215.93 0.0190666
  15 0.145 221.618 0.0227852
  16 0.155 205.808 -0.092805
  17 0.165 213.534 0.0304894
  18 0.175 217.644 -0.00853487
  19 0.185 213.212 0.0314629
  20 0.195 214.642 -0.0526939
  21 0.205 213.764 -0.0150903
  22 0.215 217.158 0.0501575
  23 0.225 213.736 0.013778
  24 0.235 211.238 -0.062422
  25 0.245 213.498 -0.0213645
  26 0.255 217.236 -0.00378968
  27 0.265 207.584 0.0350795
  28 0.275 213.964 -0.0535516
  29 0.285 211.164 -0.00563829
  30 0.295 207.944 0.0631939
  31 0.305 208.604 -0.085423
  32 0.315 210.268 0.0288455
  33 0.325 210.522 0.00992711
  34 0.335 208.98 -0.0164307
  35 0.345 209.804 0.0358182
  36 0.355 207.748 0.0133684
  37 0.365 208.902 -0.089392
  38 0.375 206.672 0.0281141
  39 0.385 211.002 0.0713878
  40 0.395 205.934 -0.051825
  41 0.405 206.714 -0.116391
  42 0.415 213.5 0.0556892
  43 0.425 210.156 0.0428037
  44 0.435 209.088 -0.0728499
  45 0.445 206.664 0.00199563
  46 0.455 207.626 -0.0280895
  47 0.465 206.502 -0.0133692
  48 0.475 210.496 0.0242928
  49 0.485 206.55 -0.0696482
  50 0.495 213.804 0.0921325
  51 0.505 210.258 -0.081769
  52 0.515 206.106 -0.0486246
  53 0.525 207.864 0.11076
  54 0.535 210.232 -0.0790532
  55 0.545 206.584 0.0394804
  56 0.555 200.354 -0.00105886
  57 0.565 212.722 -0.0142674
  58 0.575 199.044 0.0366751
  59 0.585 202.22 -0.0797948
  60 0.595 208.412 0.0130849
  61 0.605 207.848 0.116555
  62 0.615 208.292 -0.0448173
  63 0.625 197.514 -0.053818
  64 0.635 206.686 0.051187
  65 0.645 209.17 -0.0253328
  66 0.655 207.73 0.0677419
  67 0.665 208.764 0.0246384
  68 0.675 199.868 -0.0495997
  69 0.685 202.734 0.00219982
  70 0.695 206.664 0.0163787
  71 0.705 201.804 -0.00496135
  72 0.715 202.576 0.023206
  73 0.725 201.988 -0.00360435
  74 0.735 205.068 -0.0933488
  75 0.745 208.06 0.0605987
  76 0.755 209.05 0.00585926
  77 0.765 210.416 -0.101403
  78 0.775 214.134 0.0169048
  79 0.785 211.608 0.00545653
  80 0.795 210.418 0.00376162
  81 0.805 205.382 -0.0803101
  82 0.815 218.574 -0.00279423
  83 0.825 207.898 0.0547621
  84 0.835 209.032 0.0392157
  85 0.845 218.508 -0.0602679
  86 0.855 208.072 -0.0867248
  87 0.865 209.784 0.0550405
  88 0.875 216.85 -0.0138001
  89 0.885 210.494 -0.0925267
  90 0.895 215.928 0.0750896
  91 0.905 218.342 0.0198733
  92 0.915 209.944 -0.101918
  93 0.925 209.614 0.0315399
  94 0.935 214.726 0.0528633
  95 0.945 209.49 -0.0143587
  96 0.955 205.576 -0.0325318
  97 0.965 214.64 0.00464796
  98 0.975 210.462 0.0267077
  99 0.985 209.62 0.0169952
  100 0.995 209.576 -0.0996224
150000 100 20999.999999999996
  1 0.005 210.454 0.0552399
  2 0.015 211.322 0.0774693
  3 0.025 209.692 -0.101929
  4 0.035 214.024 0.0699954
  5 0.045 214.582 0.12717
  6 0.055 209.488 -0.0647937
  7 0.065 211.558 0.0328058
  8 0.075 211.402 0.022186
  9 0.085 210.18 0.040988
  10 0.095 207.144 -0.0302157
  11 0.105 214.814 0.0399527
  12 0.115 210.55 -0.00543923
  13 0.125 213.252 0.0894421
  14 0.135 211.664 -0.0106816
  15 0.145 210.738 -0.0935457
  16 0.155 211.428 0.0750077
  17 0.165 211.176 0.0798785
  18 0.175 212.644 -0.0233356
  19 0.185 204.162 -0.0114
  20 0.195 208.554 -0.00354424
  21 0.205 213.562 0.0504888
  22 0.215 210.882 0.0274218
  23 0.225 205.82 -0.0500903
  24 0.235 213.718 0.0120231
  25 0.245 212.83 -0.00425722
  26 0.255 211.66 0.0270959
  27 0.265 214.778 0.0208179
  28 0.275 209.292 -0.0855796
  29 0.285 205.704 0.0238558
  30 0.295 218.748 -0.0106336
  31 0.305 212.062 0.0254312
  32 0.315 200.234 -0.0265336
  33 0.325 218.462 -0.0208511
  34 0.335 217.506 0.0194606
  35 0.345 205.714 0.0146368
  36 0.355 217.884 -0.0700617
  37 0.365 213.004 -0.0257747
  38 0.375 210.408 0.0357301
  39 0.385 210.804 -0.0240088
  40 0.395 205.496 -0.00253518
  41 0.405 210.046 0.0165063
  42 0.415 208.994 0.0509
  43 0.425 211.094 -0.00379371
  44 0.435 209.608 -0.0645807
  45 0.445 213.342 0.0675663
  46 0.455 214.232 -0.0288022
  47 0.465 208.474 0.0555341
  48 0.475 213.286 0.0281657
  49 0.485 209.966 -0.100595
  50 0.495 208.42 0.0475016
  51 0.505 208.792 0.0358045
  52 0.515 211.412 -0.0854084
  53 0.525 207.222 -0.091886
  54 0.535 207.682 0.0942519
  55 0.545 217.372 0.0392226
  56 0.555 206.876 -0.14861
  57 0.565 206.794 0.00241054
  58 0.575 214.706 0.0766592
  59 0.585 206.208 -0.00604698
  60 0.595 202.992 -0.0682077
  61 0.605 212.34 -0.0538812
  62 0.615 208.124 0.0557197
  63 0.625 208.034 0.120175
  64 0.635 206.372 -0.141915
  65 0.645 206.238 -0.00803688
  66 0.655 204.37 0.0189162
  67 0.665 210.692 0.02303
  68 0.675 206.234 -0.0236525
  69 0.685 201.808 -0.0215355
  70 0.695 211.564 -0.025836
  71 0.705 206.634 0.05827
  72 0.715 205.36 -0.0354523
  73 0.725 205.266 -0.0405401
  74 0.735 205.892 0.0727501
  75 0.745 212.222 -0.0522007
  76 0.755 205.14 0.0620729
  77 0.765 202.156 -0.0111213
  78 0.775 210.456 -0.0281481
  79 0.785 198.678 0.0300792
  80 0.795 207.248 0.0234292
  81 0.805 208.038 -0.0168662
  82 0.815 211.336 0.10721
  83 0.825 207.078 -0.0108371
  84 0.835 204.532 -0.0680277
  85 0.845 212.242 0.096269
  86 0.855 208.732 0.102997
  87 0.865 207.402 -0.0072174
  88 0.875 211.658 -0.0781284
  89 0.885 215.856 0.063323
  90 0.895 211.32 0.0462642
  91 0.905 208.94 -0.0526353
  92 0.915 211.588 0.0582721
  93 0.925 218.11 0.112233
  94 0.935 216.05 0.00179945
  95 0.945 209.752 0.0455508
  96 0.955 211.192 0.0659085
  97 0.965 214.732 -0.0292755
  98 0.975 209.046 0.0807034
  99 0.985 210.078 0.0786401
  100 0.995 212.576 -0.0525822
160000 100 21000.000000000007
  1 0.005 213.442 -0.0281902
  2 0.015 212.774 -0.0215938
  3 0.025 219.988 0.0511982
  4 0.035 215.19 -0.00374344
  5 0.045 212.238 -0.0859909
  6 0.055 218.978 0.104967
  7 0.065 217.69 0.0607134
  8 0.075 208.404 -0.0234156
  9 0.085 204.39 -0.117734
  10 0.095 218.656 0.12995
  11 0.105 206.59 0.0155992
  12 0.115 199.68 -0.0125264
  13 0.125 209.422 -0.00268058
  14 0.135 207.752 0.021745
  15 0.145 206.614 0.188599
  16 0.155 206.82 -0.0611432
  17 0.165 206.302 -0.00703478
  18 0.175 206.554 -0.0108567
  19 0.185 213.1 0.0838933
  20 0.195 208.916 -0.0117454
  21 0.205 209.48 -0.0112492
  22 0.215 209.98 0.00220502
  23 0.225 211.298 -0.0192888
  24 0.235 203.62 0.0608955
  25 0.245 209.008 0.0285212
  26 0.255 212.254 0.0265514
  27 0.265 207.018 0.0309443
  28 0.275 206.866 -0.05139
  29 0.285 207.938 -0.0146141
  30 0.295 216.76 0.0686703
  31 0.305 206.796 -0.000461288
  32 0.315 213.466 0.0190513
  33 0.325 217.57 0.00432574
  34 0.335 213.23 -0.0506155
  35 0.345 213.61 -0.0265248
  36 0.355 217.474 0.0216201
  37 0.365 215.216 -0.0384431
  38 0.375 208.254 -0.0518476
  39 0.385 218.842 0.0242011
  40 0.395 210.548 -0.0418468
  41 0.405 211.05 -0.00559062
  42 0.415 212.052 -0.0447885
  43 0.425 209.876 0.0445823
  44 0.435 207.54 -0.110368
  45 0.445 218.35 0.00863104
  46 0.455 208.062 -0.0621018
  47 0.465 212.478 -0.0266745
  48 0.475 220.808 0.0286085
  49 0.485 208.814 -0.0369514
  50 0.495 205.15 -0.058364
  51 0.505 221.052 0.015937
  52 0.515 211.968 -0.0402515
  53 0.525 212.444 0.0339551
  54 0.535 213.964 -0.0653996
  55 0.545 210.206 -0.0628401
  56 0.555 211.3 0.0498689
  57 0.565 213.66 -0.0522102
  58 0.575 210.048 0.0892704
  59 0.585 208.48 -0.0168146
  60 0.595 211.972 -0.0238425
  61 0.605 208.338 0.0123672
  62 0.615 205.898 -0.0132357
  63 0.625 209.044 -0.00260948
  64 0.635 208.524 -0.00234034
  65 0.645 209.18 -0.00406868
  66 0.655 206.38 0.0349674
  67 0.665 205.486 -0.0231174
  68 0.675 204.154 -0.0114234
  69 0.685 212.03 0.0790668
  70 0.695 207.134 0.0521059
  71 0.705 204.32 -0.0347625
  72 0.715 208.61 -0.048123
  73 0.725 207.922 0.0346768
  74 0.735 207.854 0.0877556
  75 0.745 201.206 -0.0124636
  76 0.755 211.49 0.058341
  77 0.765 205.05 0.0187644
  78 0.775 204.558 0.0319747
  79 0.785 203.148 0.0156304
  80 0.795 206.842 0.0192687
  81 0.805 206.38 0.0542982
  82 0.815 204.388 0.0452894
  83 0.825 209.864 -0.0563508
  84 0.835 209.222 0.131488
  85 0.845 205.13 -0.0708638
  86 0.855 207.168 0.00432615
  87 0.865 206.712 0.0606299
  88 0.875 205.12 -0.0529646
  89 0.885 205.702 0.0433599
  90 0.895 208.364 0.0584969
  91 0.905 208.548 -0.0342779
  92 0.915 206.81 -0.00660048
  93 0.925 213.648 0.0224412
  94 0.935 211.322 0.0363784
  95 0.945 208.008 0.021568
  96 0.955 209.63 0.0599561
  97 0.965 215.986 -0.0545226
  98 0.975 209.316 0.0103035
  99 0.985 215.82 -0.0216115
  100 0.995 213.692 0.0208144
170000 100 20999.999999999996
  1 0.005 213.474 -0.0373075
  2 0.015 206.664 0.0647175
  3 0.025 200.066 -0.00209879
  4 0.035 213.708 -0.0259143
  5 0.045 211.996 0.0190672
  6 0.055 207.746 0.0502921
  7 0.065 217.958 -0.0289345
  8 0.075 216.004 0.0504467
  9 0.085 211.838 -0.00751008
  10 0.095 212.584 -0.0660265
  11 0.105 215.918 0.0431104
  12 0.115 211.352 0.0679061
  13 0.125 208.448 0.0202664
  14 0.135 204.774 -0.0608405
  15 0.145 210.756 0.0453776
  16 0.155 214.73 0.026402
  17 0.165 202.38 0.00242774
  18 0.175 209.69 0.0517735
  19 0.185 208.064 -0.0325137
  20 0.195 208.574 0.0946614
  21 0.205 206.136 0.0755137
  22 0.215 209.67 0.0708809
  23 0.225 199.47 -0.085989
  24 0.235 201.842 0.0703789
  25 0.245 210.3 0.10039
  26 0.255 207.798 0.0626647
  27 0.265 201.186 0.0959591
  28 0.275 208.306 -0.0399191
  29 0.285 210.696 0.0860767
  30 0.295 211.194 0.0847604
  31 0.305 209.366 0.0168051
  32 0.315 213.518 -0.00747015
  33 0.325 215.266 0.118372
  34 0.335 210.514 0.0376817
  35 0.345 210.108 0.0261786
  36 0.355 216.842 0.103878
  37 0.365 200.06 0.0101314
  38 0.375 215.178 0.0913835
  39 0.385 209.066 0.0833038
  40 0.395 205.24 -0.0223887
  41 0.405 208.772 0.0528001
  42 0.415 214.934 0.0592402
  43 0.425 206.45 0.0624654
  44 0.435 207.158 -0.0108528
  45 0.445 213.202 0.0283111
  46 0.455 213.8 0.0474484
  47 0.465 207.328 -0.0616653
  48 0.475 213.906 0.0509568
  49 0.485 216.998 0.043524
  50 0.495 206.73 0.039983
  51 0.505 204.052 -0.0382614
  52 0.515 217.42 0.107002
  53 0.525 205.304 0.00838508
  54 0.535 208.502 -0.00685844
  55 0.545 218.232 0.0196347
  56 0.555 213.406 0.0285133
  57 0.565 209.294 0.0667426
  58 0.575 215.406 -0.0214859
  59 0.585 211.212 0.0392138
  60 0.595 207.888 -0.00397968
  61 0.605 211.042 0.0201309
  62 0.615 211.922 0.0350613
  63 0.625 205.412 -0.0180248
  64 0.635 209.678 0.0302802
  65 0.645 215.64 0.0294646
  66 0.655 210.37 -0.0146737
  67 0.665 203.26 0.0217854
  68 0.675 215.598 -0.0157337
  69 0.685 214.594 0.0939231
  70 0.695 212.208 -0.00885903
  71 0.705 215.914 -0.0724899
  72 0.715 215.926 0.0205228
  73 0.725 214.462 0.0573595
  74 0.735 212.374 -0.0524842
  75 0.745 220.246 0.0334389
  76 0.755 212.016 0.00251263
  77 0.765 207.154 -0.032127
  78 0.775 213.53 -0.000236513
  79 0.785 208.488 0.0112444
  80 0.795 206.862 -0.0920927
  81 0.805 209.23 0.0632855
  82 0.815 213.832 0.0732727
  83 0.825 204.224 -0.046583
  84 0.835 213.534 -0.0154574
  85 0.845 209.952 0.00950747
  86 0.855 208.992 0.0483042
  87 0.865 208.806 -0.117227
  88 0.875 209.684 0.00488983
  89 0.885 216.096 0.0359144
  90 0.895 208.956 -0.0247919
  91 0.905 203.76 -0.0170563
  92 0.915 211.968 -0.0210254
  93 0.925 206.674 -0.010703
  94 0.935 202.766 -0.0104879
  95 0.945 214.628 0.0202339
  96 0.955 208.092 0.0167694
  97 0.965 199.016 0.00895346
  98 0.975 209.382 0.0351761
  99 0.985 204.906 -0.0243344
  100 0.995 200.332 0.0747103
180000 100 20999.999999999993
  1 0.005 210.88 0.0165157
  2 0.015 216.058 -0.0478539
  3 0.025 213.776 0.0385813
  4 0.035 217.968 0.02069
  5 0.045 211.072 -0.034582
  6 0.055 213.73 0.00125933
  7 0.065 219.536 0.0222091
  8 0.075 211.438 -0.0861572
  9 0.085 218.566 0.103683
  10 0.095 218.436 -0.0328374
  11 0.105 216.12 -0.0143903
  12 0.115 211.108 -0.0246585
  13 0.125 220.602 0.0648288
  14 0.135 210.78 -0.0257823
  15 0.145 217.432 0.0238786
  16 0.155 220.086 0.0889077
  17 0.165 213.392 -0.0570852
  18 0.175 211.398 -0.0399942
  19 0.185 224.152 0.00797211
  20 0.195 216.018 -0.0380067
  21 0.205 213.446 0.0408672
  22 0.215 218.992 -0.0588194
  23 0.225 212.494 -0.0527655
  24 0.235 213.78 0.0854463
  25 0.245 212.064 -0.0656208
  26 0.255 210.63 0.0354319
  27 0.265 208.752 0.0274388
  28 0.275 213.246 -0.0234318
  29 0.285 203.972 0.00638535
  30 0.295 209.334 -0.0089579
  31 0.305 210.546 0.00723544
  32 0.315 202.818 -0.0221316
  33 0.325 213.494 0.0354621
  34 0.335 212.004 -0.0240468
  35 0.345 202.858 0.0293903
  36 0.355 211.336 0.00648527
  37 0.365 215.29 -0.0379628
  38 0.375 199.76 0.0324618
  39 0.385 210.134 0.0483005
  40 0.395 215.424 -0.0367368
  41 0.405 200.806 -0.0109926
  42 0.415 210.14 -0.000126126
  43 0.425 215.022 -0.00673645
  44 0.435 203.374 0.0675988
  45 0.445 211.462 -0.0330501
  46 0.455 209.516 0.0192516
  47 0.465 204.118 -0.00563849
  48 0.475 208.902 0.00780057
  49 0.485 202.888 -0.00349132
  50 0.495 204.016 0.0396244
  51 0.505 204.242 0.0056512
  52 0.515 210.942 0.000451063
  53 0.525 205.844 0.0489051
  54 0.535 207.596 0.0681221
  55 0.545 206.706 -0.0395659
  56 0.555 205.944 0.0569303
  57 0.565 206.488 0.0697726
  58 0.575 205.274 0.0300144
  59 0.585 208.284 0.0394489
  60 0.595 208.892 -0.00144469
  61 0.605 207.5 0.00636136
  62 0.615 209.612 0.0999314
  63 0.625 211.802 0.0381577
  64 0.635 208.652 0.0355129
  65 0.645 210.64 -0.0328293
  66 0.655 212.544 0.11936
  67 0.665 208.442 -0.00890833
  68 0.675 212.772 -0.0607525
  69 0.685 207.53 0.0435236
  70 0.695 215.424 0.00276231
  71 0.705 215.278 0.0761398
  72 0.715 209.732 0.0185594
  73 0.725 211.046 -0.0517462
  74 0.735 211.46 0.0594789
  75 0.745 206.688 -0.0297723
  76 0.755 205.316 0.053069
  77 0.765 207.292 0.00211098
  78 0.775 207.926 0.00347144
  79 0.785 209.266 0.0495406
  80 0.795 212.446 0.0270731
  81 0.805 210.772 -0.0208894
  82 0.815 205.35 0.048171
  83 0.825 208.146 -0.0183839
  84 0.835 209.334 -0.00974866
  85 0.845 205.486 0.0236348
  86 0.855 210.73 0.0092502
  87 0.865 206.698 0.0758851
  88 0.875 199.194 -0.0402974
  89 0.885 201.308 0.0115962
  90 0.895 204.124 0.0507023
  91 0.905 195.216 0.063575
  92 0.915 203.386 0.00345676
  93 0.925 204.824 -0.117688
  94 0.935 208.48 0.0435443
  95 0.945 204.384 0.104696
  96 0.955 207.992 -0.0740494
  97 0.965 213.392 -0.0343667
  98 0.975 208.742 0.0393999
  99 0.985 213.808 0.00686784
  100 0.995 213.888 -0.0133203
190000 100 20999.999999999993
  1 0.005 211.604 0.0735447
  2 0.015 219.502 0.074591
  3 0.025 215.554 -0.027862
  4 0.035 209.19 0.0342977
  5 0.045 220.914 0.0518384
  6 0.055 222.656 0.00140207
  7 0.065 213.744 0.0896461
  8 0.075 228.432 0.079349
  9 0.085 224.25 -0.0499501
  10 0.095 219.092 -0.0218965
  11 0.105 228.286 0.0923616
  12 0.115 219.736 -0.0379476
  13 0.125 214.524 -0.036412
  14 0.135 220.592 0.0491832
  15 0.145 217.428 0.0268591
  16 0.155 211.194 0.0361969
  17 0.165 212.61 -0.00986516
  18 0.175 213.21 -0.00267616
  19 0.185 211.85 0.0286613
  20 0.195 215.352 0.0952362
  21 0.205 212.722 0.00311118
  22 0.215 207.362 0.0571911
  23 0.225 214.37 -0.0401177
  24 0.235 215.544 0.10772
  25 0.245 201.936 -0.0512286
  26 0.255 207.778 0.0724594
  27 0.265 220.11 0.065849
  28 0.275 204.944 0.0287807
  29 0.285 206.256 0.00637372
  30 0.295 214.004 0.100606
  31 0.305 208.342 0.0427391
  32 0.315 204.488 0.109757
  33 0.325 207.906 0.000579307
  34 0.335 205.42 0.0530214
  35 0.345 212.528 0.143541
  36 0.355 206.542 0.00606958
  37 0.365 207.768 0.0568975
  38 0.375 208.992 0.0485011
  39 0.385 211.642 0.0865961
  40 0.395 201.952 0.0883404
  41 0.405 204.424 -0.0222133
  42 0.415 204.356 0.0410185
  43 0.425 211.994 0.141824
  44 0.435 206.908 0.0648192
  45 0.445 201.17 -0.0755855
  46 0.455 212.126 0.0678559
  47 0.465 204.396 0.0590228
  48 0.475 209.526 0.0221288
  49 0.485 205.914 0.0592642
  50 0.495 208.726 0.0639229
  51 0.505 206.166 0.0824299
  52 0.515 210.622 -0.0472525
  53 0.525 209.746 0.091438
  54 0.535 206.586 0.00633299
  55 0.545 210.546 0.015638
  56 0.555 208.672 0.0889208
  57 0.565 212.054 0.0252101
  58 0.575 205.348 0.00554602
  59 0.585 203.242 0.061689
  60 0.595 214.9 0.0465719
  61 0.605 207.66 0.0144284
  62 0.615 208.594 0.0494297
  63 0.625 209.154 0.0394086
  64 0.635 216.298 0.0789229
  65 0.645 212.144 0.0566079
  66 0.655 205.738 -0.00657737
  67 0.665 215.892 0.0575641
  68 0.675 203.78 0.137795
  69 0.685 210.39 0.0677658
  70 0.695 208.31 0.0307037
  71 0.705 201.61 0.0442249
  72 0.715 210.888 0.0108926
  73 0.725 207.722 0.162104
  74 0.735 205.91 0.100575
  75 0.745 209.206 0.0397736
  76 0.755 209.288 0.0284132
  77 0.765 204.166 0.0898584
  78 0.775 208.638 0.10577
  79 0.785 205.48 0.0892254
  80 0.795 203.086 0.04056
  81 0.805 204.822 0.0859569
  82 0.815 201.65 0.0771441
  83 0.825 208.546 0.0793626
  84 0.835 201.896 0.0568807
  85 0.845 204.868 0.106677
  86 0.855 209.56 0.0917715
  87 0.865 202.76 0.0656429
  88 0.875 207.44 0.037588
  89 0.885 203.39 0.108403
  90 0.895 211.306 0.0816116
  91 0.905 204.3 -0.00598793
  92 0.915 205.582 0.0616369
  93 0.925 211.094 0.0554449
  94 0.935 204.566 0.0132689
  95 0.945 207.068 0.076336
  96 0.955 207.136 0.00920041
  97 0.965 209.348 0.0216506
  98 0.975 209.588 0.0392519
  99 0.985 218.616 0.128623
  100 0.995 214.762 -0.0329091
200000 100 21000
  1 0.005 213.252 0.023428
  2 0.015 213.992 0.0434537
  3 0.025 217.43 -0.0025002
  4 0.035 217.514 0.0137379
  5 0.045 211.6 0.0046912
  6 0.055 215.534 0.0243305
  7 0.065 216.854 -0.0548135
  8 0.075 217.492 0.102548
  9 0.085 215.788 -0.0570232
  10 0.095 218.804 0.0185297
  11 0.105 214.346 -0.0607105
  12 0.115 210.82 0.109663
  13 0.125 218.62 -0.00965837
  14 0.135 217.092 0.0495714
  15 0.145 210.138 -0.00239299
  16 0.155 216.454 0.0296449
  17 0.165 208.392 -0.0298879
  18 0.175 211.764 0.0473523
  19 0.185 217.352 0.0908249
  20 0.195 206.496 0.00636689
  21 0.205 212.034 -0.00490774
  22 0.215 210.05 -0.0266364
  23 0.225 202.398 0.0887167
  24 0.235 210.054 -0.0319478
  25 0.245 210.14 -0.03546
  26 0.255 203.46 0.0710117
  27 0.265 208.306 -0.000313733
  28 0.275 211.29 -0.0252891
  29 0.285 204.746 0.00340691
  30 0.295 206.368 -0.00764687
  31 0.305 206.518 0.0490701
  32 0.315 206.998 -0.104977
  33 0.325 212.658 0.0492118
  34 0.335 208.2 0.034583
  35 0.345 209.06 -0.012424
  36 0.355 208.38 -0.00131837
  37 0.365 208.252 0.0154877
  38 0.375 208.852 0.0687398
  39 0.385 208.604 -0.0616487
  40 0.395 203.68 -0.0256634
  41 0.405 210.954 0.0146134
  42 0.415 216.662 0.0873917
  43 0.425 205.294 -0.0515526
  44 0.435 206.752 -0.0276215
  45 0.445 213.248 -0.00210103
  46 0.455 209.376 0.0229081
  47 0.465 202.858 0.0722831
  48 0.475 208.732 -0.0777454
  49 0.485 211.446 -0.0414931
  50 0.495 199.034 0.0706359
  51 0.505 215.374 0.0465876
  52 0.515 208.514 0.000192991
  53 0.525 205.294 -0.0193768
  54 0.535 208.992 0.0649273
  55 0.545 209.154 -0.0249413
  56 0.555 207.268 -0.0769372
  57 0.565 206.696 0.113948
  58 0.575 212.508 -0.0249482
  59 0.585 206.468 -0.0560572
  60 0.595 212.068 0.0036094
  61 0.605 211.346 0.0325165
  62 0.615 211.408 0.0416894
  63 0.625 206.292 -0.0250953
  64 0.635 208.172 0.0511214
  65 0.645 206.486 -0.0338557
  66 0.655 208.852 -0.0154388
  67 0.665 208.466 0.0123938
  68 0.675 209.326 0.0430233
  69 0.685 207.404 -0.00508453
  70 0.695 214.242 -0.00923356
  71 0.705 208.532 0.025099
  72 0.715 211.52 -0.034615
  73 0.725 207.122 0.0317404
  74 0.735 208.572 0.0666071
  75 0.745 206.326 -0.0658045
  76 0.755 206.206 -0.0351916
  77 0.765 207.236 0.0788929
  78 0.775 213.456 0.00462151
  79 0.785 204.984 -0.0462383
  80 0.795 204.69 0.0290376
  81 0.805 210.886 -0.0104569
  82 0.815 206.148 -0.062266
  83 0.825 202.728 0.0108557
  84 0.835 219.12 0.0670384
  85 0.845 206.214 -0.0500837
  86 0.855 201.154 -0.0505466
  87 0.865 213.718 0.0598472
  88 0.875 211.666 -0.00813972
  89 0.885 196.38 -0.0689429
  90 0.895 209.514 -0.00181536
  91 0.905 214.238 0.0399547
  92 0.915 205.558 -0.0258547
  93 0.925 210.664 -0.0379971
  94 0.935 210.978 0.0160055
  95 0.945 210.542 0.076678
  96 0.955 215.352 -0.0998245
  97 0.965 212.984 -0.0516603
  98 0.975 219.27 0.0755849
  99 0.985 213.452 0.0194922
  100 0.995 212.322 -0.108169
