# Chunk-averaged data for fix ave_stressy and group all
# Timestep Number-of-chunks Total-count
# Chunk Coord1 Ncount c_stress[2]
10000 100 20999.999999999996
  1 0.005 214.294 0.0154653
  2 0.015 217.292 0.152527
  3 0.025 215.07 0.00343294
  4 0.035 211.356 0.0135944
  5 0.045 212.846 0.135576
  6 0.055 209.89 0.070961
  7 0.065 207.576 -0.0489028
  8 0.075 202.732 0.164134
  9 0.085 201.878 0.0472078
  10 0.095 200.342 0.0799348
  11 0.105 195.772 0.00630286
  12 0.115 193.012 0.066827
  13 0.125 198.506 0.0107841
  14 0.135 197.666 0.108681
  15 0.145 195.834 0.0679978
  16 0.155 193.842 0.00423656
  17 0.165 196.302 0.0596397
  18 0.175 196.218 0.103043
  19 0.185 198.71 0.062731
  20 0.195 196.606 0.152189
  21 0.205 193.234 0.00678228
  22 0.215 193.802 0.0450572
  23 0.225 197.062 0.0878949
  24 0.235 200.866 0.0696839
  25 0.245 192.874 0.0990997
  26 0.255 200.824 0.0229534
  27 0.265 197.642 0.0878638
  28 0.275 200.036 0.0859054
  29 0.285 202.092 0.0137192
  30 0.295 208.744 0.0616898
  31 0.305 204.472 0.108495
  32 0.315 208.612 -0.00629262
  33 0.325 212.678 0.0803424
  34 0.335 213.56 -0.0117633
  35 0.345 213.968 0.0574462
  36 0.355 209.218 0.0251506
  37 0.365 216.552 0.0287782
  38 0.375 202.916 0.0149079
  39 0.385 210.6 0.0184976
  40 0.395 208.908 0.0347685
  41 0.405 198.97 0.125761
  42 0.415 205.524 0.0109408
  43 0.425 208.464 -0.0238916
  44 0.435 195.922 0.115386
  45 0.445 206.736 0.0714426
  46 0.455 206.66 0.00034563
  47 0.465 191.902 0.031813
  48 0.475 216.564 0.0441045
  49 0.485 203.424 0.0883228
  50 0.495 190.868 -0.00811548
  51 0.505 210.008 0.0415358
  52 0.515 198.482 0.0770223
  53 0.525 190.354 0.0269053
  54 0.535 204.416 0.0884959
  55 0.545 200.768 0.0759021
  56 0.555 199.038 0.0398858
  57 0.565 207.69 0.0623073
  58 0.575 203.08 0.0441441
  59 0.585 204.414 0.00280152
  60 0.595 209.346 0.115697
  61 0.605 202.36 0.104684
  62 0.615 215.294 0.0571716
  63 0.625 206.932 0.0926637
  64 0.635 204.808 0.0178527
  65 0.645 211.594 0.035042
  66 0.655 218.488 0.0926781
  67 0.665 214.094 0.141174
  68 0.675 214.754 0.0100391
  69 0.685 223.718 0.041444
  70 0.695 215.086 0.0819059
  71 0.705 225.344 0.071277
  72 0.715 219.228 0.0779251
  73 0.725 218.92 0.0908151
  74 0.735 224.056 0.0102169
  75 0.745 221.13 0.112352
  76 0.755 223.2 0.0922925
  77 0.765 228.13 0.0457732
  78 0.775 220.888 0.09538
  79 0.785 223.052 0.0391492
  80 0.795 221.092 0.0207437
  81 0.805 225.842 0.143283
  82 0.815 223.92 0.0763568
  83 0.825 218.696 0.0420926
  84 0.835 231.388 0.115296
  85 0.845 221.95 0.00488471
  86 0.855 226.578 0.101319
  87 0.865 229.704 0.0920026
  88 0.875 223.436 -0.0154306
  89 0.885 219.896 0.0331125
  90 0.895 223.66 0.173913
  91 0.905 226.55 0.0647204
  92 0.915 213.98 0.0100373
  93 0.925 226.086 0.0102826
  94 0.935 226.086 0.0506764
  95 0.945 217.51 0.173432
  96 0.955 221.728 0.00457158
  97 0.965 221.256 -0.00540964
  98 0.975 213.806 0.108191
  99 0.985 219.796 0.10826
  100 0.995 218.93 -0.00639662
20000 100 21000.000000000004
  1 0.005 207.57 0.000408897
  2 0.015 205.99 0.174636
  3 0.025 203.724 0.0137751
  4 0.035 204.484 0.0116024
  5 0.045 203.78 0.152581
  6 0.055 209.528 0.0325065
  7 0.065 208.96 0.0460519
  8 0.075 202.7 0.0901101
  9 0.085 213.442 0.061527
  10 0.095 202.308 0.0810252
  11 0.105 207.73 0.079492
  12 0.115 201.644 0.0234555
  13 0.125 203.876 0.0729198
  14 0.135 199.058 0.0551141
  15 0.145 200.148 0.0862421
  16 0.155 196.066 0.0904525
  17 0.165 201.12 0.169738
  18 0.175 194.794 -0.0182853
  19 0.185 201.578 0.127538
  20 0.195 205.058 0.0377946
  21 0.205 201.056 0.00600866
  22 0.215 191.832 0.0523017
  23 0.225 215.76 0.118192
  24 0.235 200.784 0.092106
  25 0.245 192.25 0.0841527
  26 0.255 211.994 0.0154527
  27 0.265 200.552 0.0892579
  28 0.275 194.14 0.0689338
  29 0.285 213.232 0.0584797
  30 0.295 203.388 0.154234
  31 0.305 200.338 -0.05386
  32 0.315 210.442 0.0917838
  33 0.325 207.01 0.118597
  34 0.335 206.24 0.0580358
  35 0.345 203.868 0.0575303
  36 0.355 215.158 0.0740699
  37 0.365 204.386 0.0503256
  38 0.375 207.736 0.042763
  39 0.385 218.924 0.0572218
  40 0.395 202.918 0.0414082
  41 0.405 213.154 0.072058
  42 0.415 215.562 0.0634646
  43 0.425 206.682 0.0464704
  44 0.435 214.558 -0.0295191
  45 0.445 210.99 0.185653
  46 0.455 206.75 0.0464833
  47 0.465 212.504 -0.0618965
  48 0.475 215.578 0.102454
  49 0.485 206.312 0.0518755
  50 0.495 211.55 0.016892
  51 0.505 214.968 0.174095
  52 0.515 210.07 0.0487441
  53 0.525 213.456 0.0226458
  54 0.535 210.882 0.0564119
  55 0.545 209.254 0.115646
  56 0.555 212.292 -0.0244875
  57 0.565 208 0.142411
  58 0.575 214.25 -0.00361275
  59 0.585 212.322 0.0744675
  60 0.595 210.53 0.0805419
  61 0.605 218.066 0.117548
  62 0.615 209.952 -0.113681
  63 0.625 209.104 0.079656
  64 0.635 225.642 0.11666
  65 0.645 215.022 -0.00250825
  66 0.655 210.086 0.0640829
  67 0.665 218.15 0.093801
  68 0.675 212.408 0.0625767
  69 0.685 207.538 0.0484354
  70 0.695 209.636 0.0570762
  71 0.705 212.726 0.0823505
  72 0.715 208.27 0.0753048
  73 0.725 214.538 0.0642279
  74 0.735 214.282 0.124672
  75 0.745 206.014 0.0624702
  76 0.755 218.558 0.041529
  77 0.765 217.908 0.116043
  78 0.775 213.224 0.111664
  79 0.785 218.414 0.013901
  80 0.795 213.948 0.123306
  81 0.805 215.812 0.102197
  82 0.815 214.268 0.0328828
  83 0.825 217.526 0.0646867
  84 0.835 214.608 0.0835053
  85 0.845 219.39 0.0588039
  86 0.855 218.24 0.0802046
  87 0.865 216.932 0.183589
  88 0.875 220.23 0.00991654
  89 0.885 213.71 0.0666142
  90 0.895 214.314 0.0588225
  91 0.905 217.806 0.166738
  92 0.915 218.31 0.0332858
  93 0.925 210.376 0.0578564
  94 0.935 222.94 0.106964
  95 0.945 216.274 0.0664918
  96 0.955 210.974 0.0693205
  97 0.965 216.752 0.0752154
  98 0.975 218.476 0.036935
  99 0.985 209.464 0.0939918
  100 0.995 214.882 0.108108
30000 100 21000.000000000004
  1 0.005 206.116 0.12411
  2 0.015 209.47 -0.0878163
  3 0.025 198.068 0.152826
  4 0.035 207.152 0.069039
  5 0.045 207.85 -0.04578
  6 0.055 195.454 0.10142
  7 0.065 203.452 0.0416369
  8 0.075 203.396 -0.0232246
  9 0.085 201.828 0.0887758
  10 0.095 202.346 0.00845392
  11 0.105 214.038 0.0263783
  12 0.115 202.534 0.016844
  13 0.125 199.44 0.0882408
  14 0.135 213.05 -0.0237385
  15 0.145 200.458 0.0542605
  16 0.155 202.578 0.055398
  17 0.165 208.842 0.0461827
  18 0.175 201.71 0.00898913
  19 0.185 200.098 0.0695372
  20 0.195 209.722 0.0420765
  21 0.205 200.658 0.0356671
  22 0.215 202.588 -0.0292374
  23 0.225 204.07 0.0314261
  24 0.235 204.046 0.0816699
  25 0.245 210.722 0.0197181
  26 0.255 207.088 0.0693887
  27 0.265 203.232 -0.00807616
  28 0.275 214.73 0.0483038
  29 0.285 202.586 0.00514121
  30 0.295 215.494 0.0418199
  31 0.305 215.108 0.028511
  32 0.315 210.146 0.0135408
  33 0.325 216.35 -0.0539216
  34 0.335 215.704 0.0482629
  35 0.345 210.042 -0.00266944
  36 0.355 212.26 -0.0106157
  37 0.365 209.468 0.0944652
  38 0.375 208.084 0.0371159
  39 0.385 212.704 -0.0745148
  40 0.395 204.398 0.132581
  41 0.405 211.488 -0.0329357
  42 0.415 211.408 -0.0355501
  43 0.425 215.194 0.0529059
  44 0.435 214.99 0.012033
  45 0.445 217.88 0.00567585
  46 0.455 219.084 -0.00557248
  47 0.465 221.424 -0.00326233
  48 0.475 211.856 -0.00548028
  49 0.485 217.08 0.051317
  50 0.495 218.614 0.0466202
  51 0.505 206.014 -0.0315362
  52 0.515 215.346 -0.0096318
  53 0.525 216.104 0.102209
  54 0.535 209.542 -0.00690956
  55 0.545 216.872 -0.0191778
  56 0.555 210.792 -0.0125908
  57 0.565 210.61 0.0402254
  58 0.575 219.912 0.0467317
  59 0.585 214.322 0.017066
  60 0.595 203.868 -0.0527924
  61 0.605 216.11 0.0142852
  62 0.615 214.03 0.0614151
  63 0.625 202.64 -0.0349969
  64 0.635 207.54 -0.0221847
  65 0.645 214.678 0.0261508
  66 0.655 207.712 0.0137474
  67 0.665 203.494 -0.0142195
  68 0.675 214.668 0.0739477
  69 0.685 212.702 -0.064237
  70 0.695 205.86 0.102442
  71 0.705 213.68 -0.056333
  72 0.715 216.146 -0.106707
  73 0.725 203.622 0.0982236
  74 0.735 220.814 -0.00394168
  75 0.745 216.752 -0.000304023
  76 0.755 204.956 -0.0198625
  77 0.765 217.462 0.037654
  78 0.775 215.15 -0.0427116
  79 0.785 209.232 0.0517953
  80 0.795 219.954 0.0317121
  81 0.805 209.888 -0.0595698
  82 0.815 208.804 0.057005
  83 0.825 220.822 0.00109395
  84 0.835 209.184 -0.0104954
  85 0.845 212.6 0.0205302
  86 0.855 216.86 0.0503413
  87 0.865 212.93 0.0318412
  88 0.875 212.452 -0.0841713
  89 0.885 210.522 0.132505
  90 0.895 213.932 -0.015143
  91 0.905 214.642 0.0542872
  92 0.915 206.568 0.0222425
  93 0.925 213.672 -0.0162265
  94 0.935 212.72 -0.0276078
  95 0.945 202.06 0.137121
  96 0.955 208.112 -0.102638
  97 0.965 205.716 0.0795106
  98 0.975 205.314 0.0339293
  99 0.985 206.356 -0.0643093
  100 0.995 210.164 0.108423
40000 100 21000.000000000004
  1 0.005 208.07 0.0192206
  2 0.015 210.572 0.00967483
  3 0.025 215.708 0.0652833
  4 0.035 209.528 0.0386553
  5 0.045 208.952 -0.030197
  6 0.055 215.722 0.0728534
  7 0.065 211.536 0.0205178
  8 0.075 208.516 0.0115197
  9 0.085 215.29 0.0177798
  10 0.095 203.96 -0.0154273
  11 0.105 215.962 0.063426
  12 0.115 207.872 0.017951
  13 0.125 203.004 0.0337268
  14 0.135 211.648 -0.0170781
  15 0.145 209.424 0.0748291
  16 0.155 203.724 -0.0179327
  17 0.165 213.586 0.0615511
  18 0.175 205.816 -0.0562496
  19 0.185 211.014 0.00341296
  20 0.195 207.226 0.0962594
  21 0.205 206.866 -0.0269832
  22 0.215 209.108 -0.0258367
  23 0.225 208.846 0.0278568
  24 0.235 212.076 0.0116206
  25 0.245 208.186 -0.00177795
  26 0.255 204.862 -0.00593694
  27 0.265 216.874 0.0164647
  28 0.275 209.376 0.0468118
  29 0.285 212.05 -0.0108048
  30 0.295 214.22 0.0315809
  31 0.305 210.062 -0.0290013
  32 0.315 209.594 0.134998
  33 0.325 212.084 0.0208543
  34 0.335 208.454 -0.0687578
  35 0.345 206.534 0.154784
  36 0.355 214.264 0.0410249
  37 0.365 210.496 0.047982
  38 0.375 204.942 0.0169531
  39 0.385 206.096 0.045913
  40 0.395 217.148 0.0878916
  41 0.405 203.628 0.031823
  42 0.415 209.146 0.0405154
  43 0.425 212.09 0.110604
  44 0.435 201.186 -0.0099266
  45 0.445 212 0.106881
  46 0.455 216.624 0.120128
  47 0.465 202.784 0.00555084
  48 0.475 215.826 0.023454
  49 0.485 212.77 0.0369499
  50 0.495 207.67 0.178737
  51 0.505 214.458 0.0130349
  52 0.515 203.208 0.075064
  53 0.525 207.876 0.0520451
  54 0.535 214.758 0.0464817
  55 0.545 206.022 0.0454208
  56 0.555 204.21 0.0498826
  57 0.565 220.366 0.0268391
  58 0.575 203.15 0.0420975
  59 0.585 207.994 0.0689528
  60 0.595 220.716 0.029763
  61 0.605 207.044 0.125777
  62 0.615 205.082 -0.0283984
  63 0.625 214.11 -0.00286072
  64 0.635 208.626 0.078951
  65 0.645 213.562 0.021437
  66 0.655 214.034 0.00893572
  67 0.665 210.972 0.099096
  68 0.675 219.544 0.0316529
  69 0.685 209.08 -0.0639775
  70 0.695 210.678 0.0399747
  71 0.705 218.648 -0.0411434
  72 0.715 211.548 0.0229587
  73 0.725 211.852 0.0864057
  74 0.735 215.572 0.0420575
  75 0.745 208.808 -0.0222099
  76 0.755 208.218 0.0346555
  77 0.765 209.418 0.0367153
  78 0.775 210.784 0.049058
  79 0.785 206.45 0.0578676
  80 0.795 203.782 -0.027945
  81 0.805 205.308 0.0513554
  82 0.815 209.628 0.0547296
  83 0.825 201.884 -0.0165391
  84 0.835 206.6 0.155345
  85 0.845 204.46 -0.0404101
  86 0.855 209.12 0.0483764
  87 0.865 200.222 0.0659642
  88 0.875 208.454 -0.0191164
  89 0.885 211.002 0.0477659
  90 0.895 206.544 0.0270561
  91 0.905 213.228 -0.0273151
  92 0.915 211.208 0.0255353
  93 0.925 211.554 0.0907981
  94 0.935 217.396 -0.0350471
  95 0.945 207.306 -0.0243474
  96 0.955 210.426 0.0825953
  97 0.965 218.64 -0.00753231
  98 0.975 208.788 0.0359368
  99 0.985 207.306 0.0135165
  100 0.995 217.364 0.0586536
50000 100 21000.00000000001
  1 0.005 202.82 0.0728216
  2 0.015 218.142 -0.0345708
  3 0.025 213.974 0.0354699
  4 0.035 201.28 -0.0500185
  5 0.045 219.502 0.00201534
  6 0.055 207.126 0.0617783
  7 0.065 203.75 0.0566481
  8 0.075 213.096 0.0106571
  9 0.085 209.49 0.0085824
  10 0.095 206.83 -0.0481126
  11 0.105 215.134 0.0422073
  12 0.115 206.72 0.00665355
  13 0.125 204.488 0.0212856
  14 0.135 218.468 0.0857708
  15 0.145 209.836 -0.021137
  16 0.155 204.898 -0.0391072
  17 0.165 215.504 0.0788222
  18 0.175 209.488 0.0017174
  19 0.185 204.516 -0.0172916
  20 0.195 214.536 0.0158519
  21 0.205 214.552 0.0356906
  22 0.215 209.506 0.00794909
  23 0.225 215.736 0.0674535
  24 0.235 210.716 0.0106593
  25 0.245 209.092 -0.0215058
  26 0.255 208.752 0.022441
  27 0.265 205.042 0.0736492
  28 0.275 212.75 0.0511828
  29 0.285 207.066 -0.0213645
  30 0.295 203.786 0.0658833
  31 0.305 212.894 -0.0166378
  32 0.315 203.81 0.0936625
  33 0.325 205.188 0.0165076
  34 0.335 214.8 -0.0144288
  35 0.345 201.44 0.0869481
  36 0.355 207.354 0.0423397
  37 0.365 214.096 0.0702231
  38 0.375 207.8 0.0237542
  39 0.385 208.298 0.0975565
  40 0.395 209.36 0.0901709
  41 0.405 206.108 -0.055224
  42 0.415 210.692 0.0572724
  43 0.425 205.254 0.0535375
  44 0.435 208.186 0.0530608
  45 0.445 208.338 0.0659908
  46 0.455 202.876 0.0125555
  47 0.465 203.686 0.0624692
  48 0.475 206.41 0.079439
  49 0.485 195.878 -0.0297056
  50 0.495 208.342 0.0817585
  51 0.505 202.4 0.0110968
  52 0.515 204.462 0.0199256
  53 0.525 204.576 -0.0115417
  54 0.535 214.4 0.13469
  55 0.545 205.234 -0.0343842
  56 0.555 211.102 -0.0161447
  57 0.565 215.724 0.0588206
  58 0.575 216.098 -0.00609055
  59 0.585 212.108 0.0170652
  60 0.595 218.022 -0.0332654
  61 0.605 215.554 0.0677472
  62 0.615 220.204 0.0563459
  63 0.625 214.868 -0.0829438
  64 0.635 219.01 0.000920058
  65 0.645 219.374 0.0567837
  66 0.655 213.594 0.00425223
  67 0.665 212.27 0.0133512
  68 0.675 220.924 -0.0130507
  69 0.685 220.27 0.0294134
  70 0.695 211.402 0.00896814
  71 0.705 215.696 -0.0660678
  72 0.715 215.568 0.100034
  73 0.725 207.808 0.0252867
  74 0.735 215.488 0.0232073
  75 0.745 212.574 0.0803451
  76 0.755 206.98 -0.0537163
  77 0.765 207.488 0.0340487
  78 0.775 207.89 0.0943287
  79 0.785 206.378 0.00422742
  80 0.795 206.27 0.0281559
  81 0.805 213.34 0.0125451
  82 0.815 200.488 -0.0136331
  83 0.825 203.704 0.102858
  84 0.835 216.272 0.0589065
  85 0.845 205.898 0.0507996
  86 0.855 206.286 -0.00987907
  87 0.865 209.056 -0.00945279
  88 0.875 208.898 0.116027
  89 0.885 205.642 0.0625475
  90 0.895 212.928 -0.051238
  91 0.905 204.282 0.0626965
  92 0.915 211.084 0.0373613
  93 0.925 214.276 0.0345735
  94 0.935 208.226 0.0591952
  95 0.945 213.328 -0.0748258
  96 0.955 212.058 0.14364
  97 0.965 208.836 0.0299544
  98 0.975 201.882 -0.0623716
  99 0.985 220.266 0.000902862
  100 0.995 212.108 0.0740269
60000 100 21000.000000000007
  1 0.005 210.358 0.0258504
  2 0.015 213.158 0.0509464
  3 0.025 201.288 0.0631822
  4 0.035 209.604 -0.0257045
  5 0.045 208.264 0.0965617
  6 0.055 206.55 0.0964898
  7 0.065 204.558 -0.045762
  8 0.075 208.97 0.0894366
  9 0.085 216.4 0.0890483
  10 0.095 204.268 -0.0201253
  11 0.105 206.792 -0.0116321
  12 0.115 215.284 0.00780434
  13 0.125 211.538 0.198082
  14 0.135 211.894 -0.0587747
  15 0.145 208.446 0.0145757
  16 0.155 204.778 0.0006421
  17 0.165 220.3 0.0389251
  18 0.175 209.15 0.0530163
  19 0.185 214.426 0.0391547
  20 0.195 208.414 -0.0359143
  21 0.205 210.678 0.082286
  22 0.215 205.826 0.0196715
  23 0.225 204.628 0.0257585
  24 0.235 209.398 0.00990589
  25 0.245 207.83 0.0952179
  26 0.255 208.384 -0.0328165
  27 0.265 205.848 -0.0654142
  28 0.275 209.602 0.0599647
  29 0.285 207.812 0.0912605
  30 0.295 212.794 -0.0426092
  31 0.305 208.504 0.0904292
  32 0.315 209.66 0.00771746
  33 0.325 210.054 -0.00588023
  34 0.335 209.034 0.0274646
  35 0.345 212.22 -0.000260368
  36 0.355 206.9 0.0801696
  37 0.365 218.1 0.0449976
  38 0.375 206.014 -0.0632915
  39 0.385 210.868 0.0269965
  40 0.395 214.048 0.0952776
  41 0.405 210.758 0.0257553
  42 0.415 203.666 0.00450531
  43 0.425 207.464 -0.0185871
  44 0.435 209.028 -0.0029347
  45 0.445 208.498 0.104376
  46 0.455 205.42 0.00558864
  47 0.465 209.898 0.0430731
  48 0.475 207.824 0.0191037
  49 0.485 202.012 0.0499734
  50 0.495 212.794 0.0563159
  51 0.505 210.646 0.0298577
  52 0.515 205.076 0.0341928
  53 0.525 213.386 0.0767889
  54 0.535 205.234 0.0457541
  55 0.545 205.86 0.000291375
  56 0.555 211.54 0.0572682
  57 0.565 205.422 0.0696568
  58 0.575 208.494 0.0404188
  59 0.585 211.248 0.0061614
  60 0.595 205.83 0.0637595
  61 0.605 209.302 0.0294943
  62 0.615 210.414 0.0190754
  63 0.625 208.938 0.0740959
  64 0.635 210.292 0.111617
  65 0.645 210.402 -0.00945639
  66 0.655 208.746 0.0137774
  67 0.665 214.02 0.168089
  68 0.675 219.052 -0.0227451
  69 0.685 207.128 -0.0900096
  70 0.695 211.234 0.121619
  71 0.705 221.896 0.0136091
  72 0.715 206.102 0.0160846
  73 0.725 205.788 0.111731
  74 0.735 219.31 -0.0166693
  75 0.745 204.454 0.0311635
  76 0.755 201.556 -0.00594724
  77 0.765 218.258 -0.00419648
  78 0.775 210.53 0.136934
  79 0.785 203.048 0.00243875
  80 0.795 216.596 -0.00372599
  81 0.805 209.456 -0.0329789
  82 0.815 207.83 0.0841616
  83 0.825 222.062 -0.0299786
  84 0.835 207.86 0.0417136
  85 0.845 214.722 0.024357
  86 0.855 220.004 -0.0667672
  87 0.865 207.714 0.0737116
  88 0.875 212.38 -0.000443435
  89 0.885 217.92 0.048762
  90 0.895 206.358 0.0013564
  91 0.905 216.486 -0.0104098
  92 0.915 211.71 0.12612
  93 0.925 212.934 -0.0256577
  94 0.935 209.048 -0.0671778
  95 0.945 213.38 0.138431
  96 0.955 216.178 0.106124
  97 0.965 206.902 -0.0767586
  98 0.975 209.332 0.111273
  99 0.985 210.504 -0.0192548
  100 0.995 207.414 0.0651681
70000 100 21000.000000000007
  1 0.005 205.446 0.0981108
  2 0.015 205.164 0.0329318
  3 0.025 203.914 0.0696078
  4 0.035 214.552 0.096793
  5 0.045 210.394 0.112862
  6 0.055 209.58 -0.0377928
  7 0.065 216.318 0.0573972
  8 0.075 209.666 0.138723
  9 0.085 211.172 0.0201102
  10 0.095 212.652 0.0806127
  11 0.105 207.332 0.0332856
  12 0.115 215.83 0.12784
  13 0.125 208.998 0.00216931
  14 0.135 204.376 0.0946419
  15 0.145 213.066 0.0505014
  16 0.155 218.25 0.0391237
  17 0.165 204.508 0.0838095
  18 0.175 212.936 0.0365503
  19 0.185 214.338 0.0643527
  20 0.195 208.458 0.050977
  21 0.205 205.786 0.0848801
  22 0.215 210.46 0.011849
  23 0.225 209.266 0.0914743
  24 0.235 207.464 0.0350919
  25 0.245 207.994 0.0845708
  26 0.255 208.052 0.0997049
  27 0.265 206.604 0.00621164
  28 0.275 212.826 0.0121679
  29 0.285 210.192 0.163217
  30 0.295 209.352 0.0647359
  31 0.305 211.908 -0.00310071
  32 0.315 204.242 0.0547415
  33 0.325 214.854 0.0710111
  34 0.335 210.068 0.000995454
  35 0.345 214.25 0.0265951
  36 0.355 211.136 0.0747668
  37 0.365 210.314 0.0839943
  38 0.375 212.452 -0.0777468
  39 0.385 208.892 0.123811
  40 0.395 209.836 -0.0125425
  41 0.405 212.968 -0.00753338
  42 0.415 205.69 0.0964801
  43 0.425 213.144 0.0369413
  44 0.435 211.752 -0.00533137
  45 0.445 205.686 0.0237993
  46 0.455 207.626 0.0499551
  47 0.465 209.734 0.0386715
  48 0.475 210.544 0.0337585
  49 0.485 201.94 0.0461515
  50 0.495 209.132 0.0293747
  51 0.505 205.866 -0.0232617
  52 0.515 206.88 0.133425
  53 0.525 209.708 -0.0311527
  54 0.535 209.584 0.0509968
  55 0.545 200.01 0.0247577
  56 0.555 210.016 0.0437158
  57 0.565 206.978 0.0182507
  58 0.575 203.516 -0.0126975
  59 0.585 221.722 0.0580823
  60 0.595 205.27 0.0908697
  61 0.605 211.472 0.0461875
  62 0.615 211.598 -0.0519198
  63 0.625 208.508 0.132997
  64 0.635 205.636 -0.00119524
  65 0.645 212.836 0.0509223
  66 0.655 210.358 0.138553
  67 0.665 211.412 0.0317934
  68 0.675 205.852 0.0219971
  69 0.685 207.61 0.0390721
  70 0.695 218.226 0.0785897
  71 0.705 212.706 0.0947729
  72 0.715 216.906 0.0203512
  73 0.725 219.81 0.029533
  74 0.735 215.526 0.0554377
  75 0.745 213.224 -0.0188944
  76 0.755 216.712 0.0929422
  77 0.765 221.21 0.0236032
  78 0.775 213.076 0.0306767
  79 0.785 214.174 0.0343992
  80 0.795 225.24 0.0894472
  81 0.805 209.03 0.0612437
  82 0.815 209.314 0.0133854
  83 0.825 212.89 0.00287842
  84 0.835 212.404 0.191178
  85 0.845 210.742 0.113274
  86 0.855 210.22 -0.0107987
  87 0.865 208.216 0.0684592
  88 0.875 213.774 0.105094
  89 0.885 207.184 0.0970597
  90 0.895 210.126 0.124908
  91 0.905 205.274 0.0763541
  92 0.915 208.038 0.0373117
  93 0.925 206.278 0.0926775
  94 0.935 203.32 0.0818879
  95 0.945 209.144 0.108272
  96 0.955 198.2 0.0511004
  97 0.965 205.062 0.0870251
  98 0.975 204.598 0.0925614
  99 0.985 206.15 0.120765
  100 0.995 207.28 0.0253046
80000 100 20999.999999999996
  1 0.005 211.81 0.171388
  2 0.015 209.942 -0.00780943
  3 0.025 209.912 0.0131118
  4 0.035 210.744 0.0478418
  5 0.045 211.554 0.00451105
  6 0.055 213.072 0.100909
  7 0.065 205 -0.0455713
  8 0.075 213.044 0.0587518
  9 0.085 208.768 0.0230767
  10 0.095 209.042 0.0265651
  11 0.105 211.768 -0.00385346
  12 0.115 212.436 0.0909511
  13 0.125 208.854 0.0579336
  14 0.135 211.292 -0.0250959
  15 0.145 204.9 0.0748683
  16 0.155 211.808 0.0619955
  17 0.165 206.822 -0.0518618
  18 0.175 211.634 0.0787338
  19 0.185 210.528 0.140798
  20 0.195 213.96 -0.0167006
  21 0.205 205.278 0.0767113
  22 0.215 211.3 0.051439
  23 0.225 213.75 0.0248738
  24 0.235 207.464 0.0864959
  25 0.245 207.924 0.0869401
  26 0.255 208.588 0.00903435
  27 0.265 210.15 0.0696191
  28 0.275 208.736 0.0369065
  29 0.285 216.184 0.101335
  30 0.295 208.646 0.0300833
  31 0.305 210.85 0.0596062
  32 0.315 211.938 0.0961835
  33 0.325 209.166 0.135841
  34 0.335 205.452 -0.0217476
  35 0.345 207.602 0.0810713
  36 0.355 214.048 0.186067
  37 0.365 210.13 -0.0194947
  38 0.375 202.09 0.0865603
  39 0.385 207.166 0.131945
  40 0.395 205.898 0.0670651
  41 0.405 204.9 0.00858954
  42 0.415 204.59 0.118636
  43 0.425 203.408 0.0972389
  44 0.435 201.638 0.0163524
  45 0.445 205.064 0.171579
  46 0.455 201.834 -0.00712819
  47 0.465 210.666 0.150993
  48 0.475 201.502 0.0320242
  49 0.485 202.566 0.115852
  50 0.495 205.646 0.0350371
  51 0.505 204.684 0.0945415
  52 0.515 206.782 0.0531102
  53 0.525 203.612 0.0113679
  54 0.535 202.696 0.076483
  55 0.545 210.884 0.0689951
  56 0.555 208.768 0.137771
  57 0.565 198.05 -0.0076566
  58 0.575 219.896 0.102035
  59 0.585 207.682 -0.0338046
  60 0.595 207.456 0.158877
  61 0.605 221.728 0.0133653
  62 0.615 218.118 0.0633309
  63 0.625 205.988 -0.0318977
  64 0.635 217.48 0.0081162
  65 0.645 222.416 0.115392
  66 0.655 209.194 -0.00179173
  67 0.665 215.684 -0.0434611
  68 0.675 221.426 0.0663742
  69 0.685 206.382 0.0829253
  70 0.695 214.664 -0.0118829
  71 0.705 214.978 0.0280511
  72 0.715 208.748 -0.00751813
  73 0.725 215.78 0.0736833
  74 0.735 218.73 -0.00408012
  75 0.745 213.866 -0.0216358
  76 0.755 218.962 0.0709401
  77 0.765 219.65 -0.0404026
  78 0.775 213.452 0.0465509
  79 0.785 216.79 -0.0102727
  80 0.795 218.148 0.00144612
  81 0.805 216.328 0.0573573
  82 0.815 215.994 -0.0288293
  83 0.825 214.09 0.00611018
  84 0.835 205.898 0.0527352
  85 0.845 215.142 0.0501812
  86 0.855 206.456 -0.0286112
  87 0.865 203.164 0.0929266
  88 0.875 210.108 0.01662
  89 0.885 207.884 0.0689803
  90 0.895 204.172 0.0571781
  91 0.905 210.116 0.0464952
  92 0.915 209.828 0.0753189
  93 0.925 204.552 0.0649871
  94 0.935 210.84 0.0553774
  95 0.945 204.598 0.0307319
  96 0.955 206.994 0.111178
  97 0.965 207.366 0.0830595
  98 0.975 209.892 0.114132
  99 0.985 215.262 -0.0378715
  100 0.995 207.558 -0.0192119
90000 100 21000.00000000001
  1 0.005 209.85 0.0291569
  2 0.015 209.544 0.0114464
  3 0.025 215.972 0.0106856
  4 0.035 216.858 -0.0348189
  5 0.045 208.294 0.0562927
  6 0.055 216.356 -0.0122623
  7 0.065 216.596 -0.0206969
  8 0.075 204.81 -0.0521335
  9 0.085 215.89 0.100096
  10 0.095 216.962 -0.0976601
  11 0.105 209.884 0.0468074
  12 0.115 210.75 -0.017781
  13 0.125 214.184 -0.00047616
  14 0.135 208.584 0.035807
  15 0.145 203.786 -0.00982508
  16 0.155 211.578 0.0415896
  17 0.165 213.316 0.0538798
  18 0.175 204.814 0.0381629
  19 0.185 208.044 0.0283753
  20 0.195 206.306 0.0546604
  21 0.205 204.568 0.00549837
  22 0.215 203.598 0.0556233
  23 0.225 203.21 0.00589551
  24 0.235 204.462 0.0829783
  25 0.245 204.718 0.0205481
  26 0.255 201.482 0.0207948
  27 0.265 208.77 0.0663635
  28 0.275 212.246 0.00452468
  29 0.285 203.478 -0.0363188
  30 0.295 208.918 0.0819108
  31 0.305 211.366 -0.0159556
  32 0.315 206.154 0.00126979
  33 0.325 208.722 0.0455405
  34 0.335 213.004 0.0878823
  35 0.345 206.554 -0.0660473
  36 0.355 214.966 -0.0172746
  37 0.365 209.734 0.0628471
  38 0.375 213.44 0.00670327
  39 0.385 207.996 -0.0343864
  40 0.395 213.59 0.130258
  41 0.405 213.94 -0.0156835
  42 0.415 203.822 -0.0867532
  43 0.425 207.988 0.0252983
  44 0.435 212.17 0.0322583
  45 0.445 215.47 0.00875691
  46 0.455 207.466 -0.0363475
  47 0.465 209.356 0.0173719
  48 0.475 211.892 -0.0335475
  49 0.485 211.268 0.0212401
  50 0.495 205.702 -0.110542
  51 0.505 216.444 0.0417238
  52 0.515 216.298 0.00266514
  53 0.525 214.806 -0.0116391
  54 0.535 215.9 0.00479362
  55 0.545 213.568 -0.0428584
  56 0.555 214.934 -0.018104
  57 0.565 217.496 0.0187382
  58 0.575 213.228 -0.054266
  59 0.585 212.378 -0.0736925
  60 0.595 217.19 0.0725959
  61 0.605 209.412 0.00391687
  62 0.615 208.674 -0.031729
  63 0.625 211.978 0.0383533
  64 0.635 205.986 0.00798517
  65 0.645 206.51 0.113034
  66 0.655 207.436 -0.0734378
  67 0.665 209.272 0.0593312
  68 0.675 206.708 0.0233137
  69 0.685 203.61 0.0777024
  70 0.695 211.628 -0.00568466
  71 0.705 208.388 -0.0198575
  72 0.715 208.794 0.0734173
  73 0.725 211.628 -0.00439938
  74 0.735 208.984 0.0164631
  75 0.745 207.98 0.0171212
  76 0.755 209.536 0.0265601
  77 0.765 206.322 -0.0848396
  78 0.775 210.81 0.135165
  79 0.785 216.388 0.025113
  80 0.795 208.684 0.0113025
  81 0.805 202.872 0.0193443
  82 0.815 213.176 0.0410961
  83 0.825 208.928 -0.0992587
  84 0.835 199.072 0.0680036
  85 0.845 218.544 0.0560498
  86 0.855 209.972 -0.0328433
  87 0.865 207.168 -0.0500518
  88 0.875 213.786 0.024743
  89 0.885 217.516 -0.0131755
  90 0.895 208.786 0.0466793
  91 0.905 209.952 0.0176984
  92 0.915 212.184 -0.0816808
  93 0.925 207.202 0.138381
  94 0.935 213.24 0.0149258
  95 0.945 208.472 -0.0167196
  96 0.955 204.84 0.0188097
  97 0.965 207.982 0.156385
  98 0.975 207.858 -0.0505073
  99 0.985 205.322 -0.0165684
  100 0.995 209.73 0.0680035
100000 100 21000.000000000004
  1 0.005 207.43 -0.0847093
  2 0.015 210.102 -0.069112
  3 0.025 209.666 0.0918525
  4 0.035 212.398 0.00753589
  5 0.045 209.534 -0.0939293
  6 0.055 210.2 0.0244896
  7 0.065 218.438 0.0523006
  8 0.075 212.354 -0.0375177
  9 0.085 217.326 0.0161905
  10 0.095 212.892 -0.0184738
  11 0.105 210.676 0.0331851
  12 0.115 212.64 -0.0521233
  13 0.125 208.808 0.107278
  14 0.135 212.69 -0.0548357
  15 0.145 210.606 -0.0493686
  16 0.155 210.208 0.0977531
  17 0.165 213.668 -0.0462169
  18 0.175 204.332 0.00660545
  19 0.185 211.958 0.0617676
  20 0.195 208.97 -0.0625501
  21 0.205 205.914 -0.0304928
  22 0.215 212.596 0.11959
  23 0.225 208.894 -0.00519942
  24 0.235 207.536 -0.0350388
  25 0.245 206.882 0.0778837
  26 0.255 214.896 0.0576316
  27 0.265 210.238 -0.0143257
  28 0.275 198.098 -0.0054321
  29 0.285 216.464 0.0621868
  30 0.295 211.108 -0.00208153
  31 0.305 204.534 0.0661908
  32 0.315 212.312 -0.0332529
  33 0.325 217.906 -0.0097237
  34 0.335 209.736 0.0592962
  35 0.345 211.028 0.0318111
  36 0.355 217.84 0.014539
  37 0.365 208.836 -0.00936147
  38 0.375 214.142 0.0653357
  39 0.385 213.88 -0.0108767
  40 0.395 212.718 -0.0888921
  41 0.405 210.912 0.00822254
  42 0.415 216.756 0.0747377
  43 0.425 207.062 -0.0315515
  44 0.435 213.482 -0.0130177
  45 0.445 209.848 0.0171636
  46 0.455 204.044 0.0542129
  47 0.465 215.556 -0.0245054
  48 0.475 210.854 -0.00557471
  49 0.485 206.292 -0.02024
  50 0.495 205.366 0.0309817
  51 0.505 218.966 -0.0229874
  52 0.515 197.556 -0.0612421
  53 0.525 208.398 0.0224086
  54 0.535 210.436 -0.0175185
  55 0.545 208.172 0.0397632
  56 0.555 207.538 -0.00344781
  57 0.565 218.02 -0.00914776
  58 0.575 206.942 0.0314532
  59 0.585 204.674 -0.0908227
  60 0.595 222.156 -0.0569297
  61 0.605 210.802 0.135753
  62 0.615 211.952 -0.0307449
  63 0.625 208.074 -0.0650886
  64 0.635 208.404 -0.0125762
  65 0.645 204.162 0.0530304
  66 0.655 210.982 -0.0725887
  67 0.665 208.454 0.0351134
  68 0.675 206.162 -0.0249566
  69 0.685 212.202 -0.00183536
  70 0.695 212.362 0.0207226
  71 0.705 206.432 -0.0748068
  72 0.715 205.19 -0.0186015
  73 0.725 212.688 0.0444642
  74 0.735 201.302 -0.0246377
  75 0.745 203.544 0.00804
  76 0.755 208.818 0.052421
  77 0.765 200.094 -0.0757561
  78 0.775 207.096 0.0527984
  79 0.785 211.074 0.0256456
  80 0.795 208.146 0.016011
  81 0.805 210.662 0.0588114
  82 0.815 211.602 -0.111943
  83 0.825 209.828 0.0453464
  84 0.835 211.232 0.0310553
  85 0.845 212.624 -0.0232255
  86 0.855 207.536 -0.00422563
  87 0.865 212.318 -0.0548229
  88 0.875 206.206 -0.0341757
  89 0.885 209.254 0.00456983
  90 0.895 216.024 0.0271151
  91 0.905 207.058 -0.00322063
  92 0.915 204.64 -0.0298383
  93 0.925 212.94 -0.0860332
  94 0.935 207.674 0.0257625
  95 0.945 209.56 -0.0538332
  96 0.955 207.144 0.00423905
  97 0.965 211.458 0.014221
  98 0.975 210.346 -0.0630746
  99 0.985 209.498 -0.00236676
  100 0.995 210.972 0.0465654
110000 100 20999.99999999999
  1 0.005 208.456 -0.0446937
  2 0.015 202.6 0.00141123
  3 0.025 209.894 0.0325483
  4 0.035 210.128 0.0357562
  5 0.045 207.026 0.0112208
  6 0.055 214.086 -0.0229234
  7 0.065 206.578 0.0225438
  8 0.075 213.386 0.0360114
  9 0.085 216.056 0.0472673
  10 0.095 207.666 -0.109986
  11 0.105 214.574 0.0294251
  12 0.115 216.496 -0.00190915
  13 0.125 209.334 0.0327693
  14 0.135 212.164 -0.0661728
  15 0.145 218.316 0.072123
  16 0.155 204.124 -0.0366632
  17 0.165 210.436 -0.0336931
  18 0.175 211.638 -0.0547771
  19 0.185 208.234 0.0169549
  20 0.195 214.788 -0.0229627
  21 0.205 210.016 0.060065
  22 0.215 208.898 -0.0676645
  23 0.225 212.086 -0.0407192
  24 0.235 215.31 0.0298307
  25 0.245 215.112 -0.0353714
  26 0.255 213.928 -0.0415135
  27 0.265 213.308 -0.0179482
  28 0.275 218.152 -0.0560833
  29 0.285 209.806 0.00615776
  30 0.295 211.664 -0.00417171
  31 0.305 216.592 -0.0565009
  32 0.315 215.502 -0.0131709
  33 0.325 210.666 -0.0831439
  34 0.335 216.986 0.0461371
  35 0.345 217.802 -0.0857129
  36 0.355 214.836 0.0121552
  37 0.365 218.874 0.00625791
  38 0.375 216.912 -0.0552422
  39 0.385 213.696 -0.036192
  40 0.395 217.78 0.00108944
  41 0.405 218.61 -0.047772
  42 0.415 212.888 0.0592494
  43 0.425 218.702 -0.0112195
  44 0.435 219.088 -0.0921834
  45 0.445 215.152 0.0069491
  46 0.455 213.758 -0.0419825
  47 0.465 219.474 0.0398922
  48 0.475 213.872 -0.0724764
  49 0.485 212.07 0.0406911
  50 0.495 217.252 -0.0571213
  51 0.505 208.524 0.00947168
  52 0.515 209.624 0.0486004
  53 0.525 212.138 -0.0150993
  54 0.535 203.452 -0.000883511
  55 0.545 207.974 -0.00793705
  56 0.555 205.414 0.0276382
  57 0.565 206.048 0.0803231
  58 0.575 203.08 0.0184693
  59 0.585 210.862 0.0335125
  60 0.595 206.216 0.0216786
  61 0.605 208.382 0.0385132
  62 0.615 208.26 -0.0084105
  63 0.625 211.592 0.0240225
  64 0.635 203.916 0.0199042
  65 0.645 204.634 0.00957107
  66 0.655 214.99 0.0645043
  67 0.665 208.106 0.0442617
  68 0.675 205.914 -0.0535196
  69 0.685 213.666 0.0150122
  70 0.695 209.318 0.0624968
  71 0.705 204.772 -0.0432239
  72 0.715 211.668 0.0522594
  73 0.725 213.326 0.0749091
  74 0.735 211.006 -0.0256901
  75 0.745 200.394 -0.0156439
  76 0.755 216.612 -0.0100021
  77 0.765 212.214 0.0961853
  78 0.775 201.378 -0.042003
  79 0.785 215.044 0.0231376
  80 0.795 208.548 0.0102479
  81 0.805 205.19 -0.0217744
  82 0.815 214.656 0.0670524
  83 0.825 206.298 0.0241046
  84 0.835 202.034 -0.0640273
  85 0.845 211.158 0.0224115
  86 0.855 205.136 0.0212693
  87 0.865 200.732 0.0388404
  88 0.875 200.424 -0.0679569
  89 0.885 198.932 0.0221535
  90 0.895 202.99 0.0432756
  91 0.905 204.02 -0.00661853
  92 0.915 195.852 -0.0118577
  93 0.925 205.336 0.0333367
  94 0.935 201.198 0.0194811
  95 0.945 203.584 -0.0831182
  96 0.955 201.948 0.048557
  97 0.965 204.42 0.0365228
  98 0.975 209.174 -0.0210482
  99 0.985 202.792 0.056707
  100 0.995 202.282 -0.0537315
120000 100 20999.999999999985
  1 0.005 203.078 0.0427829
  2 0.015 204.836 -0.00540219
  3 0.025 207.822 0.0410041
  4 0.035 205.708 -0.0215012
  5 0.045 208.53 -0.0231515
  6 0.055 203.842 -0.0109748
  7 0.065 210.566 0.0329062
  8 0.075 212.854 -0.0163099
  9 0.085 208.898 0.0605783
  10 0.095 212.266 -0.00120846
  11 0.105 208.722 -0.0700995
  12 0.115 206.548 -0.0192447
  13 0.125 210.096 0.0205872
  14 0.135 211.962 0.0451233
  15 0.145 207.308 -0.00659356
  16 0.155 214.2 -0.0278095
  17 0.165 209.382 0.00910988
  18 0.175 204.338 -0.0317358
  19 0.185 215.156 0.0222558
  20 0.195 210.026 0.0168472
  21 0.205 209.308 0.0222609
  22 0.215 215.916 -0.0247492
  23 0.225 212.116 -0.0220041
  24 0.235 211.018 -0.00573965
  25 0.245 215.414 0.0294671
  26 0.255 221.898 -0.00185282
  27 0.265 214.556 -0.0240068
  28 0.275 220.696 -0.026795
  29 0.285 219.916 -0.0214957
  30 0.295 218.342 0.0104497
  31 0.305 223.346 0.0221763
  32 0.315 219.8 -0.10266
  33 0.325 216.054 0.0791072
  34 0.335 219.56 -0.00646784
  35 0.345 222.578 -0.0843973
  36 0.355 214.816 0.0779523
  37 0.365 216.832 -0.0204061
  38 0.375 213.018 0.0403603
  39 0.385 215.328 -0.110478
  40 0.395 213.32 0.0619569
  41 0.405 217.086 -0.0431666
  42 0.415 214.29 0.0203464
  43 0.425 209.846 0.0590047
  44 0.435 211.89 -0.0588825
  45 0.445 212.138 -0.00978327
  46 0.455 211.052 -0.0319875
  47 0.465 211.334 -0.047312
  48 0.475 214.368 0.031265
  49 0.485 213.68 -0.0453872
  50 0.495 214.252 -0.0492488
  51 0.505 214.154 -0.003549
  52 0.515 210.116 0.0141059
  53 0.525 213.534 -0.039565
  54 0.535 218.802 -0.0854761
  55 0.545 209.162 0.00449045
  56 0.555 214.874 0.0145072
  57 0.565 216.54 -0.0836975
  58 0.575 211.706 -0.0381035
  59 0.585 209.764 -0.0352945
  60 0.595 214.598 0.0101651
  61 0.605 207.244 -0.0661258
  62 0.615 202.794 -0.0943714
  63 0.625 211.408 0.0507525
  64 0.635 211.58 -0.0186478
  65 0.645 210.052 0.0149752
  66 0.655 206.642 -0.0590912
  67 0.665 210.992 0.077808
  68 0.675 204.728 -0.111127
  69 0.685 207.55 0.0105737
  70 0.695 208.534 -0.0580824
  71 0.705 209.112 -0.0241184
  72 0.715 204.476 -0.0696883
  73 0.725 212.74 0.0244296
  74 0.735 208.14 0.00797518
  75 0.745 209.808 -0.0564664
  76 0.755 207.678 -0.0336266
  77 0.765 211.782 0.0724316
  78 0.775 209.16 -0.0290555
  79 0.785 206.244 -0.0732298
  80 0.795 207.3 0.00976613
  81 0.805 207.028 -0.0162871
  82 0.815 204.45 -0.0959706
  83 0.825 204.348 0.0498689
  84 0.835 210.092 -0.00556701
  85 0.845 202.048 -0.0550794
  86 0.855 201.608 0.0382862
  87 0.865 206.35 -0.0309657
  88 0.875 204.814 -0.0251931
  89 0.885 195.476 -0.0369457
  90 0.895 205.586 0.0490546
  91 0.905 205.586 -0.0476046
  92 0.915 202.368 0.0284196
  93 0.925 199.304 -0.0111089
  94 0.935 202.21 -0.0406558
  95 0.945 204.27 0.0218931
  96 0.955 195.242 0.00997858
  97 0.965 198.964 -0.0534398
  98 0.975 207.676 0.0776528
  99 0.985 199.41 -0.0595324
  100 0.995 202.05 -0.0171817
130000 100 20999.999999999993
  1 0.005 204.382 0.0585903
  2 0.015 206.8 -0.0235875
  3 0.025 201.42 0.00394355
  4 0.035 199.696 0.0405832
  5 0.045 206.32 -0.0654635
  6 0.055 199.542 0.00420852
  7 0.065 202.908 -0.0106496
  8 0.075 210.728 0.0371146
  9 0.085 203.414 -0.0336233
  10 0.095 207.52 -0.0189052
  11 0.105 216.474 -0.0722083
  12 0.115 202.864 -0.043793
  13 0.125 211.648 0.0141048
  14 0.135 216.894 -0.0685046
  15 0.145 203.882 -0.0531497
  16 0.155 209.854 0.0117393
  17 0.165 218.03 -0.00242022
  18 0.175 202.952 -0.103668
  19 0.185 205.896 -0.0207691
  20 0.195 212.99 0.00268441
  21 0.205 213.412 -0.000318377
  22 0.215 215.472 0.0178899
  23 0.225 215.504 -0.0895489
  24 0.235 217.8 0.097603
  25 0.245 214.974 -0.0970488
  26 0.255 215.096 0.0200018
  27 0.265 218.214 -0.0609879
  28 0.275 217.494 0.0234334
  29 0.285 215.16 -0.0617008
  30 0.295 215.13 -0.0021563
  31 0.305 216.266 -0.0150573
  32 0.315 217.536 -0.0414332
  33 0.325 215.554 0.0257331
  34 0.335 217.462 -0.00903715
  35 0.345 218.672 -0.0872637
  36 0.355 212.576 0.00954462
  37 0.365 216.51 -0.0251038
  38 0.375 222.09 0.0974835
  39 0.385 207.684 -0.109775
  40 0.395 214.452 -0.00796849
  41 0.405 218.28 -0.00697
  42 0.415 213.49 0.0880232
  43 0.425 216.494 0.00527382
  44 0.435 214.224 -0.160674
  45 0.445 214.084 0.0989459
  46 0.455 212.694 0.0599867
  47 0.465 216.08 -0.129709
  48 0.475 211.548 0.0225259
  49 0.485 215.796 0.045325
  50 0.495 215.25 0.00322341
  51 0.505 216.856 -0.0416288
  52 0.515 214.484 -0.0377242
  53 0.525 214.676 0.0343339
  54 0.535 207.708 -0.0944653
  55 0.545 210.864 0.0275787
  56 0.555 210.184 0.0611202
  57 0.565 207.428 0.031142
  58 0.575 209.13 -0.0135674
  59 0.585 211.062 -0.0791092
  60 0.595 208.046 0.0330838
  61 0.605 209.688 -0.0197141
  62 0.615 212.408 0.0228352
  63 0.625 214.654 0.0376502
  64 0.635 209.256 -0.0236684
  65 0.645 213.844 -0.0238821
  66 0.655 209.594 -0.00614576
  67 0.665 212.488 0.00895038
  68 0.675 207.188 -0.00798917
  69 0.685 213.116 0.0317049
  70 0.695 206.98 0.0396642
  71 0.705 203.988 -0.0424052
  72 0.715 206.774 -0.0203913
  73 0.725 218.974 0.0642096
  74 0.735 202.644 -0.00327347
  75 0.745 206.236 -0.0771367
  76 0.755 209.126 -0.0391794
  77 0.765 217.272 0.204521
  78 0.775 204.736 -0.13104
  79 0.785 212.588 -0.0263806
  80 0.795 205.066 -0.0257015
  81 0.805 204.392 0.0434419
  82 0.815 202.326 -0.0172785
  83 0.825 212.906 -0.0188559
  84 0.835 197.1 0.00948194
  85 0.845 204.516 -0.0504549
  86 0.855 210.964 -0.0600056
  87 0.865 200.558 0.0340979
  88 0.875 207.062 0.0463588
  89 0.885 203.83 -0.0685064
  90 0.895 202.2 -0.0265145
  91 0.905 203.12 -0.0175947
  92 0.915 208.154 0.0740244
  93 0.925 195.926 -0.0790059
  94 0.935 204.232 -0.0181534
  95 0.945 201.556 0.00971111
  96 0.955 206.172 0.105769
  97 0.965 203.934 -0.135772
  98 0.975 200.844 0.0704334
  99 0.985 210.926 -0.0124418
  100 0.995 203.012 -0.0326875
140000 100 21000
  1 0.005 202.23 -0.0469359
  2 0.015 202.722 0.115388
  3 0.025 199.53 -0.0415787
  4 0.035 203.04 0.0337206
  5 0.045 208.778 0.0122569
  6 0.055 208.288 0.0439263
  7 0.065 203.698 -0.044853
  8 0.075 208.398 0.0553857
  9 0.085 204.874 0.0505351
  10 0.095 206.142 -0.0308258
  11 0.105 205.914 0.0204114
  12 0.115 208.234 -0.0047326
  13 0.125 202.164 0.00836139
  14 0.135 211.444 0.0675172
  15 0.145 208.154 0.0272603
  16 0.155 202.258 -0.0187681
  17 0.165 213.682 -0.0367111
  18 0.175 207.962 0.132391
  19 0.185 206.884 -0.021266
  20 0.195 207.272 -0.0539836
  21 0.205 205.476 0.0468155
  22 0.215 215.394 0.0717948
  23 0.225 208.912 -0.0445188
  24 0.235 212.316 0.0726673
  25 0.245 211.404 -0.00189046
  26 0.255 210.568 -0.0320152
  27 0.265 212.312 -0.0228935
  28 0.275 214.772 0.0598722
  29 0.285 213.61 0.00415921
  30 0.295 213.846 -0.0538856
  31 0.305 215.11 0.0543048
  32 0.315 221.186 0.0318916
  33 0.325 211.796 -0.0429976
  34 0.335 212.692 0.0639442
  35 0.345 216.656 0.0752155
  36 0.355 219.124 -0.06313
  37 0.365 212.444 -0.00459478
  38 0.375 219.044 0.0859885
  39 0.385 215.992 0.00604875
  40 0.395 223.528 -0.0189524
  41 0.405 215.596 -0.0360609
  42 0.415 222.018 0.109905
  43 0.425 222.138 -0.0844949
  44 0.435 214.398 0.0171579
  45 0.445 221.766 0.0596039
  46 0.455 222.98 -0.0323257
  47 0.465 220.074 -0.00140778
  48 0.475 218.54 0.0348275
  49 0.485 223.99 -0.0394704
  50 0.495 218.21 0.0121377
  51 0.505 211.626 0.0609112
  52 0.515 216.742 0.0427671
  53 0.525 214.886 0.0288243
  54 0.535 207.242 -0.019634
  55 0.545 215.44 0.0401255
  56 0.555 214.162 0.00798955
  57 0.565 203.846 0.0784615
  58 0.575 214.538 -0.0272224
  59 0.585 212.376 0.0175308
  60 0.595 207.128 0.0992722
  61 0.605 212.136 -0.0703103
  62 0.615 210.248 0.0416761
  63 0.625 208.136 0.00610337
  64 0.635 211.638 -0.00387288
  65 0.645 200.256 -0.038156
  66 0.655 213.282 0.0849525
  67 0.665 207.366 -0.0423689
  68 0.675 206.346 0.025627
  69 0.685 203.998 0.0439035
  70 0.695 210.706 -0.0128669
  71 0.705 205.878 0.00407525
  72 0.715 206.118 -0.0429827
  73 0.725 207.926 0.0408313
  74 0.735 210.77 -0.0360401
  75 0.745 206.678 -0.00390159
  76 0.755 208.308 0.0689477
  77 0.765 207.974 -0.0557951
  78 0.775 210.654 -0.0434521
  79 0.785 209.39 0.049412
  80 0.795 206.45 -0.0219117
  81 0.805 213.324 0.0265492
  82 0.815 201.49 -0.0202015
  83 0.825 210.154 0.0374676
  84 0.835 206.018 -0.0181684
  85 0.845 203.966 -0.0190694
  86 0.855 209.302 -0.044298
  87 0.865 204.762 0.126505
  88 0.875 206.124 -0.00206035
  89 0.885 209.094 -0.0244038
  90 0.895 203.018 0.0720029
  91 0.905 209.224 -0.0379928
  92 0.915 207.724 0.0132993
  93 0.925 198.012 0.0552622
  94 0.935 205.312 0.0357645
  95 0.945 205.172 0.0226873
  96 0.955 199.602 -0.0418342
  97 0.965 207.47 -0.016437
  98 0.975 206.278 0.0721261
  99 0.985 200.88 0.0847951
  100 0.995 203.27 -0.0513368
150000 100 20999.999999999996
  1 0.005 204.792 -0.0136292
  2 0.015 203.506 0.00746234
  3 0.025 200.696 0.0152109
  4 0.035 209.898 -0.0345435
  5 0.045 203.598 0.0559211
  6 0.055 202.666 -0.0144844
  7 0.065 208.924 -0.043113
  8 0.075 205.59 0.105773
  9 0.085 207.076 -0.0204518
  10 0.095 206.094 -0.0513356
  11 0.105 206.016 0.0418537
  12 0.115 207.842 0.0290828
  13 0.125 210.604 -0.0485572
  14 0.135 208.752 -0.0401361
  15 0.145 209.654 0.0740326
  16 0.155 209.928 -0.106437
  17 0.165 210.506 0.0216607
  18 0.175 206.848 -0.0189643
  19 0.185 198.748 -0.0538357
  20 0.195 209.738 -0.0177056
  21 0.205 204.03 0.0085525
  22 0.215 203.114 -0.0591333
  23 0.225 205.974 0.00417982
  24 0.235 207.898 -0.0899923
  25 0.245 201.922 -0.0313995
  26 0.255 209.29 0.0103268
  27 0.265 210.864 0.0425169
  28 0.275 204.486 -0.0537487
  29 0.285 205.624 -0.00400949
  30 0.295 212.532 -0.0458872
  31 0.305 205.738 0.077492
  32 0.315 205.418 -0.0515342
  33 0.325 209.692 -0.0439778
  34 0.335 214.876 0.115509
  35 0.345 204.57 -0.0931314
  36 0.355 212.268 0.036176
  37 0.365 217.254 0.06074
  38 0.375 210.464 0.0505775
  39 0.385 212.004 -0.105164
  40 0.395 220.242 0.0278908
  41 0.405 221.13 0.0997424
  42 0.415 213.836 -0.15981
  43 0.425 214.692 0.0439996
  44 0.435 226.268 0.0241201
  45 0.445 226.274 -0.0634337
  46 0.455 214.416 -0.0467554
  47 0.465 229.3 0.0301164
  48 0.475 226.146 -0.0600132
  49 0.485 216.592 0.00596428
  50 0.495 223.392 -0.0364302
  51 0.505 223.788 0.0334632
  52 0.515 215.234 -0.058648
  53 0.525 222.154 0.0643772
  54 0.535 219.798 -0.0094313
  55 0.545 211.648 -0.0234139
  56 0.555 217.762 -0.0319294
  57 0.565 217.238 0.0380851
  58 0.575 216.146 0.0165837
  59 0.585 214.19 -0.0228919
  60 0.595 220.608 0.0472072
  61 0.605 212.244 -0.0181988
  62 0.615 209.936 -0.0300571
  63 0.625 214.784 0.00697441
  64 0.635 213.23 0.0172746
  65 0.645 208.45 -0.00431754
  66 0.655 210.034 -0.0187378
  67 0.665 211.104 -0.00117795
  68 0.675 210.35 -0.0060257
  69 0.685 204.26 -0.01735
  70 0.695 210.666 0.00864244
  71 0.705 211.41 -0.0301511
  72 0.715 206.102 -0.0351348
  73 0.725 209.434 -0.0364287
  74 0.735 213.272 0.0119929
  75 0.745 199.95 -0.0511343
  76 0.755 209.122 -0.0110322
  77 0.765 206.374 -0.0865921
  78 0.775 205.7 0.0102071
  79 0.785 209.688 -0.0410834
  80 0.795 208.252 -0.0574055
  81 0.805 200.792 -0.0651056
  82 0.815 213.298 0.0365473
  83 0.825 210.29 -0.00134752
  84 0.835 200.764 -0.0951287
  85 0.845 207.504 -0.0406559
  86 0.855 208.894 -0.0487313
  87 0.865 203.84 0.0505496
  88 0.875 206.786 -0.0607614
  89 0.885 208.524 -0.0690352
  90 0.895 208.98 0.0894871
  91 0.905 209.696 -0.0795161
  92 0.915 203.146 -0.0097086
  93 0.925 204.34 -0.0166025
  94 0.935 202.014 0.0699845
  95 0.945 205.66 -0.0119009
  96 0.955 201.46 -0.10261
  97 0.965 205.748 0.0507124
  98 0.975 202.96 -0.046449
  99 0.985 205.13 0.0219703
  100 0.995 205.464 0.0157919
160000 100 20999.999999999996
  1 0.005 204.074 -0.0954783
  2 0.015 206.67 0.0748918
  3 0.025 217.592 0.0252105
  4 0.035 202.318 0.0490048
  5 0.045 199.45 -0.00268174
  6 0.055 211.11 -0.00744727
  7 0.065 202.212 0.0451548
  8 0.075 198.184 -0.0267079
  9 0.085 215.63 0.0295074
  10 0.095 207.442 0.0629068
  11 0.105 207.538 -0.0188799
  12 0.115 212.704 0.0204873
  13 0.125 204.124 -0.0291629
  14 0.135 204.832 0.0641204
  15 0.145 206.368 -0.0505489
  16 0.155 202.856 0.0449381
  17 0.165 203.174 -0.0319501
  18 0.175 199.966 0.0335357
  19 0.185 210.32 -0.0242799
  20 0.195 202.512 0.0756616
  21 0.205 208.6 0.0539921
  22 0.215 203.252 -0.0351952
  23 0.225 201.198 -0.00745999
  24 0.235 207.198 0.0583943
  25 0.245 206.726 -0.0343381
  26 0.255 210.044 -0.0350786
  27 0.265 207.102 0.0433705
  28 0.275 214.104 0.109837
  29 0.285 209.56 -0.0972805
  30 0.295 202.376 0.00347432
  31 0.305 210.864 -0.0181543
  32 0.315 211.43 -0.00040315
  33 0.325 204.022 0.0577098
  34 0.335 210.628 0.0254274
  35 0.345 213.476 0.0372245
  36 0.355 207.054 0.000589992
  37 0.365 210.62 -0.0275031
  38 0.375 209.054 0.0826547
  39 0.385 212.588 -0.0081669
  40 0.395 215.708 -0.0181931
  41 0.405 211.856 0.0261903
  42 0.415 216.102 0.00367421
  43 0.425 211.524 0.00773153
  44 0.435 221.09 -0.00889871
  45 0.445 214.854 -0.00344888
  46 0.455 215.88 0.0255509
  47 0.465 222.17 -0.0316953
  48 0.475 212.13 0.113972
  49 0.485 226.658 0.000388138
  50 0.495 217.874 -0.0915763
  51 0.505 213.112 -0.0199022
  52 0.515 223.738 0.102941
  53 0.525 215.81 -0.0150746
  54 0.535 221.256 -0.0611257
  55 0.545 223.942 0.0585789
  56 0.555 213.854 -0.0288092
  57 0.565 213.682 -0.0362821
  58 0.575 220.264 0.106786
  59 0.585 212.04 -0.0752341
  60 0.595 217.514 0.0185931
  61 0.605 220.364 0.0367788
  62 0.615 219.234 -0.0244748
  63 0.625 217.296 -0.0318937
  64 0.635 214.39 0.0545315
  65 0.645 216.768 -0.0124509
  66 0.655 213.192 0.00202038
  67 0.665 213.232 -0.023307
  68 0.675 216.588 0.050179
  69 0.685 216.256 0.0625911
  70 0.695 202.864 -0.0410969
  71 0.705 213.134 -0.00826612
  72 0.715 207.002 0.0122399
  73 0.725 208.526 0.0164188
  74 0.735 211.938 0.0159906
  75 0.745 210.218 0.0873444
  76 0.755 205.116 -0.026483
  77 0.765 206.718 -0.021411
  78 0.775 203.474 0.0179335
  79 0.785 204.446 0.0215501
  80 0.795 206.552 0.0942049
  81 0.805 197.854 -0.0087416
  82 0.815 214.278 0.0644607
  83 0.825 202.592 -0.00312714
  84 0.835 200.458 -0.0306243
  85 0.845 207.056 0.0913358
  86 0.855 207.074 -0.0046984
  87 0.865 203.77 -0.016678
  88 0.875 207.84 0.105827
  89 0.885 208.972 -0.0550992
  90 0.895 206.528 -0.0335624
  91 0.905 204.922 0.0345045
  92 0.915 210.916 -0.0125106
  93 0.925 207.32 0.0409395
  94 0.935 204.772 0.00602497
  95 0.945 210.842 -0.0709105
  96 0.955 210.866 0.13556
  97 0.965 201.186 -0.0825084
  98 0.975 209.998 -0.0440869
  99 0.985 200.468 0.0367288
  100 0.995 214.95 0.090904
170000 100 21000.000000000015
  1 0.005 200.398 0.0434802
  2 0.015 204.508 -0.0834194
  3 0.025 211.2 0.0331957
  4 0.035 205.444 0.00395721
  5 0.045 202.504 -0.00770847
  6 0.055 213.824 0.0631496
  7 0.065 207.26 -0.00955888
  8 0.075 198.128 -0.0695505
  9 0.085 207.134 0.0185918
  10 0.095 209.034 0.0593051
  11 0.105 204.354 -0.0229713
  12 0.115 201.136 0.0615488
  13 0.125 209.892 -0.0381927
  14 0.135 203.974 0.0410464
  15 0.145 197.91 -0.048107
  16 0.155 213.548 0.0453351
  17 0.165 203.76 0.0128033
  18 0.175 201.532 -0.0025861
  19 0.185 201.734 -0.0718936
  20 0.195 205.262 0.116166
  21 0.205 202.134 -0.00913461
  22 0.215 202.846 -0.0537219
  23 0.225 206.3 0.0528705
  24 0.235 203.07 0.0265053
  25 0.245 204.516 -0.0628187
  26 0.255 203.784 0.0631216
  27 0.265 204.052 -0.00414191
  28 0.275 205.768 0.0133372
  29 0.285 206.584 -0.00584496
  30 0.295 207.302 -0.0881392
  31 0.305 208.2 0.0698463
  32 0.315 209.62 0.0227143
  33 0.325 204.428 -0.056335
  34 0.335 210.236 -0.055569
  35 0.345 208.284 0.0264025
  36 0.355 215.278 -0.0112352
  37 0.365 215.572 -0.0498029
  38 0.375 213.586 0.0515015
  39 0.385 224.13 -0.0066774
  40 0.395 216.844 -0.068606
  41 0.405 219.356 0.0583544
  42 0.415 218.144 -0.0465491
  43 0.425 218.34 0.0494149
  44 0.435 214.306 0.0278016
  45 0.445 215.034 -0.0145658
  46 0.455 208.476 -0.0236627
  47 0.465 219.584 0.0243818
  48 0.475 218.52 0.0697746
  49 0.485 215.916 0.035887
  50 0.495 208.512 -0.069297
  51 0.505 217.868 0.0984753
  52 0.515 219.854 -0.0355064
  53 0.525 213.36 0.0533491
  54 0.535 222.18 -0.0207056
  55 0.545 223.476 0.030408
  56 0.555 211.302 0.00551981
  57 0.565 220.852 0.0125485
  58 0.575 215.8 -0.00567337
  59 0.585 214.278 0.0197887
  60 0.595 217.092 0.0316368
  61 0.605 216.146 -0.0587402
  62 0.615 215.714 0.0867946
  63 0.625 214.642 0.0156718
  64 0.635 214.772 -0.0989089
  65 0.645 213.276 0.037031
  66 0.655 215.036 0.124454
  67 0.665 216.512 -0.0182819
  68 0.675 209.834 -0.0620013
  69 0.685 214.424 0.0120932
  70 0.695 214.652 0.103762
  71 0.705 214.482 -0.0646975
  72 0.715 211.036 0.0272066
  73 0.725 212.654 0.0441546
  74 0.735 215.88 0.00488313
  75 0.745 207.512 0.0219889
  76 0.755 211.924 0.00213033
  77 0.765 211.044 0.0539952
  78 0.775 204.32 -0.0223944
  79 0.785 209.698 0.000917322
  80 0.795 209.608 -0.00147141
  81 0.805 211.224 0.0391077
  82 0.815 203.342 0.00128099
  83 0.825 204.828 -0.0176731
  84 0.835 211.632 -0.0737213
  85 0.845 203.708 0.0945233
  86 0.855 212.48 0.00899636
  87 0.865 210.628 -0.0398197
  88 0.875 206.212 -0.062277
  89 0.885 209.614 -0.0213344
  90 0.895 216.632 -0.019307
  91 0.905 206.364 0.0119864
  92 0.915 205.786 -0.0434344
  93 0.925 211.65 -0.0411869
  94 0.935 204.994 -0.00131713
  95 0.945 204.95 -0.00975409
  96 0.955 206.748 0.0143221
  97 0.965 201.686 -0.0666737
  98 0.975 195.07 0.000814002
  99 0.985 207.586 0.0323777
  100 0.995 204.38 -0.0277162
180000 100 20999.999999999996
  1 0.005 198.226 0.0707053
  2 0.015 214.524 0.0325291
  3 0.025 210.474 -0.0369097
  4 0.035 193.808 -0.0738767
  5 0.045 211.826 0.0767097
  6 0.055 204.63 -0.0518844
  7 0.065 196.758 0.0440833
  8 0.075 205.22 -0.0718973
  9 0.085 206.812 -0.00351012
  10 0.095 206.106 0.0324396
  11 0.105 206.858 -0.0292858
  12 0.115 212.086 -0.0248643
  13 0.125 201.298 -0.0275959
  14 0.135 211.996 -0.0327884
  15 0.145 215.26 -0.0120738
  16 0.155 201.616 -0.0466139
  17 0.165 213.964 0.0117502
  18 0.175 213.474 -0.034784
  19 0.185 209.708 -0.0387815
  20 0.195 207.154 -0.0101793
  21 0.205 213.388 -0.0486759
  22 0.215 204.89 -0.0493394
  23 0.225 211.032 0.061881
  24 0.235 210.056 -0.0766623
  25 0.245 207.274 -0.0254357
  26 0.255 209.762 -0.0402126
  27 0.265 205.378 0.0066155
  28 0.275 209.798 -0.0402968
  29 0.285 213.374 0.00619525
  30 0.295 205.92 -0.0724662
  31 0.305 210.962 0.0366365
  32 0.315 211.52 -0.0927225
  33 0.325 211.432 0.0667238
  34 0.335 209.788 -0.0599685
  35 0.345 208.414 -0.101915
  36 0.355 209.29 -0.00273769
  37 0.365 211.054 0.0441903
  38 0.375 210.206 -0.0925405
  39 0.385 213.444 0.039968
  40 0.395 215.13 -0.041234
  41 0.405 213.98 0.0155294
  42 0.415 215.494 -0.0309025
  43 0.425 211.868 0.0382955
  44 0.435 210.594 -0.0459924
  45 0.445 214.6 -0.0732543
  46 0.455 215.346 -0.0325992
  47 0.465 219.884 0.0830131
  48 0.475 218.782 -0.0573094
  49 0.485 207.826 -0.0244881
  50 0.495 212.358 -0.0886742
  51 0.505 217.772 0.0518934
  52 0.515 206.916 0.0188354
  53 0.525 214.798 0.0374176
  54 0.535 215.352 -0.112742
  55 0.545 203.71 -0.029853
  56 0.555 218.668 0.0891479
  57 0.565 217.924 -0.00779244
  58 0.575 207.592 -0.0378203
  59 0.585 211.36 -0.0208436
  60 0.595 217.728 0.0499836
  61 0.605 214.418 0.0175227
  62 0.615 210.058 -0.0455402
  63 0.625 215.56 0.0683405
  64 0.635 224.362 0.106191
  65 0.645 203.238 -0.0807151
  66 0.655 212.428 -0.0927517
  67 0.665 224.042 0.0576032
  68 0.675 209.026 0.00980453
  69 0.685 209.224 -0.0153365
  70 0.695 225.21 0.0832162
  71 0.705 213.136 0.020631
  72 0.715 203.688 -0.00719666
  73 0.725 214.28 -0.0114115
  74 0.735 215.29 0.0589185
  75 0.745 206.396 -0.0529988
  76 0.755 216.174 0.0486814
  77 0.765 211.85 0.0791634
  78 0.775 207.774 0.000681424
  79 0.785 200.41 -0.0168429
  80 0.795 210.454 0.0671067
  81 0.805 209.988 -0.0378912
  82 0.815 199.53 -0.0154936
  83 0.825 208.386 0.0622276
  84 0.835 211.318 0.0915964
  85 0.845 207.37 -0.071732
  86 0.855 203.4 0.00776514
  87 0.865 207.304 -0.0684028
  88 0.875 207.186 0.0308851
  89 0.885 201.906 -0.0028232
  90 0.895 211.342 0.0428006
  91 0.905 204.968 -0.0605173
  92 0.915 204.498 -0.0289768
  93 0.925 206.588 0.00422807
  94 0.935 210.14 0.0115491
  95 0.945 205.038 -0.0271504
  96 0.955 206.452 -0.101067
  97 0.965 213.14 0.00672067
  98 0.975 202.938 0.0514682
  99 0.985 208.262 -0.0720534
  100 0.995 206.766 -0.115868
190000 100 21000
  1 0.005 205.662 0.059191
  2 0.015 213.614 0.0685314
  3 0.025 204.582 0.0605371
  4 0.035 204.252 -0.0157756
  5 0.045 212.262 0.0766109
  6 0.055 206.63 0.102043
  7 0.065 211.88 0.0331163
  8 0.075 209.322 0.0411736
  9 0.085 210.244 0.0729635
  10 0.095 211.086 0.0722727
  11 0.105 207.292 -0.0677642
  12 0.115 217.774 0.0890511
  13 0.125 215.364 0.00365443
  14 0.135 216.366 -0.0162523
  15 0.145 221.684 -0.00133031
  16 0.155 213.92 0.0946838
  17 0.165 217.566 -0.0307483
  18 0.175 215.87 -0.0517367
  19 0.185 216.886 0.15352
  20 0.195 215.946 -0.0671653
  21 0.205 220.608 0.0172538
  22 0.215 203.328 0.0299887
  23 0.225 216.674 0.0887133
  24 0.235 215.224 -0.0235599
  25 0.245 206.324 0.0233944
  26 0.255 214.448 0.0744863
  27 0.265 208.4 0.124105
  28 0.275 204.556 0.00458542
  29 0.285 206.142 0.0690772
  30 0.295 209.658 0.0750313
  31 0.305 198.508 0.0883536
  32 0.315 207.504 0.0610592
  33 0.325 199.304 0.0508682
  34 0.335 201.002 0.118865
  35 0.345 209.566 0.0406136
  36 0.355 207.382 0.128479
  37 0.365 203.466 0.0707466
  38 0.375 213.97 0.0487476
  39 0.385 207.236 0.0714345
  40 0.395 203.722 0.07599
  41 0.405 215.738 0.0815134
  42 0.415 209.446 0.0398822
  43 0.425 206.436 0.00198426
  44 0.435 216.87 0.114062
  45 0.445 213.136 0.075277
  46 0.455 207.902 0.0287526
  47 0.465 211.316 -0.0191007
  48 0.475 210.044 0.0897391
  49 0.485 217.36 0.154129
  50 0.495 207.048 -0.0631393
  51 0.505 209.194 0.0842657
  52 0.515 214.612 0.0967997
  53 0.525 209.774 0.00131067
  54 0.535 209.332 0.0544205
  55 0.545 214.618 0.0804749
  56 0.555 217.986 0.086452
  57 0.565 206.484 0.0402241
  58 0.575 210.472 -0.00805921
  59 0.585 213.076 0.0490364
  60 0.595 210.1 0.107112
  61 0.605 208.296 -0.0469681
  62 0.615 221.406 0.123761
  63 0.625 208.186 0.0710224
  64 0.635 210.93 0.0163604
  65 0.645 216.472 0.0400428
  66 0.655 208.78 0.120446
  67 0.665 214.434 0.0605489
  68 0.675 210.81 -0.0113606
  69 0.685 203.388 0.114191
  70 0.695 214.508 0.0481116
  71 0.705 213.736 0.0771482
  72 0.715 202.562 0.0259787
  73 0.725 207.23 0.00612662
  74 0.735 212.99 0.0765382
  75 0.745 202.552 0.0331444
  76 0.755 213.568 0.0538086
  77 0.765 204.9 -0.0234751
  78 0.775 212.714 0.0502242
  79 0.785 211.096 0.0405538
  80 0.795 210.676 0.0985679
  81 0.805 208.924 -0.012753
  82 0.815 206.084 0.0587747
  83 0.825 208.288 0.0482106
  84 0.835 213.968 0.0384899
  85 0.845 203.666 0.047011
  86 0.855 204.654 0.0202939
  87 0.865 218.978 0.103554
  88 0.875 204.372 0.0575417
  89 0.885 211.03 0.0103072
  90 0.895 206.306 -0.013521
  91 0.905 204.61 0.0678298
  92 0.915 207.846 0.073918
  93 0.925 202.866 0.000305035
  94 0.935 204.34 0.102338
  95 0.945 207.518 0.0300291
  96 0.955 206.762 0.00209812
  97 0.965 211.198 0.116673
  98 0.975 207.194 0.0556301
  99 0.985 211.198 -0.0255166
  100 0.995 204.796 0.097984
200000 100 20999.999999999985
  1 0.005 211.926 0.00703303
  2 0.015 211.464 -0.0730821
  3 0.025 201.734 -0.012896
  4 0.035 212.21 0.074825
  5 0.045 214.516 -0.0574511
  6 0.055 204.408 -0.0374221
  7 0.065 205.884 -0.0325945
  8 0.075 222.62 0.0272362
  9 0.085 200.618 -0.0917764
  10 0.095 206.622 0.0673506
  11 0.105 221.764 -0.0368496
  12 0.115 205.828 -0.048838
  13 0.125 209.23 0.00547283
  14 0.135 217.518 0.0340914
  15 0.145 209.88 -0.0566164
  16 0.155 205.698 0.0357883
  17 0.165 215.85 0.00646721
  18 0.175 215.194 -0.0406958
  19 0.185 211.946 0.0217701
  20 0.195 219.354 -0.068695
  21 0.205 224.382 0.0968578
  22 0.215 211.108 -0.104
  23 0.225 222.17 -0.00160868
  24 0.235 214.51 0.0530137
  25 0.245 212.776 -0.109781
  26 0.255 211.856 0.0658651
  27 0.265 212.268 0.0516068
  28 0.275 208.196 -0.0465368
  29 0.285 206.844 0.0275229
  30 0.295 210.238 0.0729544
  31 0.305 201.328 0.0521425
  32 0.315 206.724 -0.0572852
  33 0.325 205.806 -0.0232597
  34 0.335 204.39 0.0458398
  35 0.345 211.712 0.0300473
  36 0.355 214.044 0.0070299
  37 0.365 201.8 -0.0101582
  38 0.375 210.962 0.0610021
  39 0.385 213.922 0.0223688
  40 0.395 203.752 -0.125361
  41 0.405 212.074 0.0499017
  42 0.415 212.03 0.0357429
  43 0.425 205.822 -0.0164083
  44 0.435 206.538 0.0200292
  45 0.445 210.6 -0.0189622
  46 0.455 214.358 0.00857957
  47 0.465 207.56 -0.0181777
  48 0.475 208.696 0.0346236
  49 0.485 218.404 0.0586603
  50 0.495 204.134 -0.0425271
  51 0.505 206.166 0.0372539
  52 0.515 211.37 -0.0595293
  53 0.525 205.828 0.0614077
  54 0.535 209.64 0.045867
  55 0.545 215.784 -0.00568312
  56 0.555 202.632 0.0358248
  57 0.565 207.114 0.00776709
  58 0.575 212.608 -0.0250235
  59 0.585 201.896 0.0985705
  60 0.595 206.666 -0.0999484
  61 0.605 212.38 -0.0582506
  62 0.615 201.124 0.11337
  63 0.625 215.054 0.0201091
  64 0.635 206.444 -0.041246
  65 0.645 202.782 0.0153667
  66 0.655 209.736 -0.0440469
  67 0.665 204.988 0.0616781
  68 0.675 207.902 -0.0332941
  69 0.685 206.402 0.0371425
  70 0.695 207.056 0.00672661
  71 0.705 208.05 -0.0765582
  72 0.715 207.092 0.0950409
  73 0.725 218.826 -0.00852584
  74 0.735 212.196 0.0195002
  75 0.745 208.8 -0.0126089
  76 0.755 222.42 -0.0167969
  77 0.765 212.082 0.0037589
  78 0.775 212.078 0.0252735
  79 0.785 212.158 -0.0957016
  80 0.795 213.566 0.113652
  81 0.805 202.42 -0.0454954
  82 0.815 212.872 -0.0353835
  83 0.825 209.944 0.00226246
  84 0.835 207.624 0.0259513
  85 0.845 213.128 0.0227891
  86 0.855 209.592 -0.0448515
  87 0.865 210.656 -0.0568416
  88 0.875 211.996 0.114965
  89 0.885 210.434 0.0235688
  90 0.895 202.964 -0.0593347
  91 0.905 206.62 -0.0986325
  92 0.915 211.064 0.0870031
  93 0.925 209.728 -0.00731191
  94 0.935 208.542 -0.0412767
  95 0.945 209.802 0.0176556
  96 0.955 215.618 -0.0365016
  97 0.965 206.106 -0.074409
  98 0.975 214.904 0.0572858
  99 0.985 208.404 -0.0924233
  100 0.995 203.474 0.0204664
