  PAW Ge                                 
 100
Core Pot   L  =         .00000   -.86621
  -.20000000E+01  .65530918E+00
  -.19600000E+01  .62919609E+00
  -.19200000E+01  .60253534E+00
  -.18800000E+01  .57530261E+00
  -.18400000E+01  .54747204E+00
  -.18000000E+01  .51901614E+00
  -.17600000E+01  .48990562E+00
  -.17200000E+01  .46010931E+00
  -.16800000E+01  .42959391E+00
  -.16400000E+01  .39832392E+00
  -.16000000E+01  .36626131E+00
  -.15600000E+01  .33336543E+00
  -.15200000E+01  .29959269E+00
  -.14800000E+01  .26489632E+00
  -.14400000E+01  .22922607E+00
  -.14000000E+01  .19252790E+00
  -.13600000E+01  .15474356E+00
  -.13200000E+01  .11581022E+00
  -.12800000E+01  .75659995E-01
  -.12400000E+01  .34219410E-01
  -.12000000E+01 -.85911656E-02
  -.11600000E+01 -.52858197E-01
  -.11200000E+01 -.98675725E-01
  -.10800000E+01 -.14614622E+00
  -.10400000E+01 -.19538156E+00
  -.10000000E+01 -.24650411E+00
  -.96000000E+00 -.29964801E+00
  -.92000000E+00 -.35496065E+00
  -.88000000E+00 -.41260425E+00
  -.84000000E+00 -.47275793E+00
  -.80000000E+00 -.53561984E+00
  -.76000000E+00 -.60140982E+00
  -.72000000E+00 -.67037245E+00
  -.68000000E+00 -.74278065E+00
  -.64000000E+00 -.81893985E+00
  -.60000000E+00 -.89919308E+00
  -.56000000E+00 -.98392686E+00
  -.52000000E+00 -.10735784E+01
  -.48000000E+00 -.11686440E+01
  -.44000000E+00 -.12696899E+01
  -.40000000E+00 -.13773642E+01
  -.36000000E+00 -.14924132E+01
  -.32000000E+00 -.16156999E+01
  -.28000000E+00 -.17482285E+01
  -.24000000E+00 -.18911736E+01
  -.20000000E+00 -.20459190E+01
  -.16000000E+00 -.22141055E+01
  -.12000000E+00 -.23976945E+01
  -.80000000E-01 -.25990491E+01
  -.40000000E-01 -.28210437E+01
   .12351231E-14 -.30672095E+01
   .40000000E-01 -.33419338E+01
   .80000000E-01 -.36507359E+01
   .12000000E+00 -.40006578E+01
   .16000000E+00 -.44008280E+01
   .20000000E+00 -.48632964E+01
   .24000000E+00 -.54043040E+01
   .28000000E+00 -.60462799E+01
   .32000000E+00 -.68210974E+01
   .36000000E+00 -.77756313E+01
   .40000000E+00 -.89817593E+01
   .44000000E+00 -.10555599E+02
   .48000000E+00 -.12697734E+02
   .52000000E+00 -.15787089E+02
   .56000000E+00 -.20635782E+02
   .60000000E+00 -.29355906E+02
   .64000000E+00 -.49696013E+02
   .68000000E+00 -.15153251E+03
   .72000000E+00  .15301758E+03
   .76000000E+00  .51788602E+02
   .80000000E+00  .31496885E+02
   .84000000E+00  .22789823E+02
   .88000000E+00  .17946199E+02
   .92000000E+00  .14859081E+02
   .96000000E+00  .12717887E+02
   .10000000E+01  .11144280E+02
   .10400000E+01  .99379398E+01
   .10800000E+01  .89828813E+01
   .11200000E+01  .82072996E+01
   .11600000E+01  .75643626E+01
   .12000000E+01  .70222226E+01
   .12400000E+01  .65584676E+01
   .12800000E+01  .61568674E+01
   .13200000E+01  .58053797E+01
   .13600000E+01  .54948812E+01
   .14000000E+01  .52183336E+01
   .14400000E+01  .49702200E+01
   .14800000E+01  .47461552E+01
   .15200000E+01  .45426092E+01
   .15600000E+01  .43567086E+01
   .16000000E+01  .41860907E+01
   .16400000E+01  .40287948E+01
   .16800000E+01  .38831799E+01
   .17200000E+01  .37478625E+01
   .17600000E+01  .36216679E+01
   .18000000E+01  .35035917E+01
   .18400000E+01  .33927706E+01
   .18800000E+01  .32884581E+01
   .19200000E+01  .31900056E+01
   .19600000E+01  .30968465E+01
   .20000000E+01  .30084840E+01
Potential  L  =         .00000   -.86621
  -.20000000E+01  .80973799E+00
  -.19600000E+01  .78470492E+00
  -.19200000E+01  .75903611E+00
  -.18800000E+01  .73269326E+00
  -.18400000E+01  .70563477E+00
  -.18000000E+01  .67781527E+00
  -.17600000E+01  .64918527E+00
  -.17200000E+01  .61969061E+00
  -.16800000E+01  .58927195E+00
  -.16400000E+01  .55786407E+00
  -.16000000E+01  .52539513E+00
  -.15600000E+01  .49178585E+00
  -.15200000E+01  .45694845E+00
  -.14800000E+01  .42078549E+00
  -.14400000E+01  .38318852E+00
  -.14000000E+01  .34403641E+00
  -.13600000E+01  .30319351E+00
  -.13200000E+01  .26050731E+00
  -.12800000E+01  .21580578E+00
  -.12400000E+01  .16889410E+00
  -.12000000E+01  .11955075E+00
  -.11600000E+01  .67522742E-01
  -.11200000E+01  .12519817E-01
  -.10800000E+01 -.45792716E-01
  -.10400000E+01 -.10780284E+00
  -.10000000E+01 -.17396293E+00
  -.96000000E+00 -.24480368E+00
  -.92000000E+00 -.32095192E+00
  -.88000000E+00 -.40315339E+00
  -.84000000E+00 -.49230248E+00
  -.80000000E+00 -.58948120E+00
  -.76000000E+00 -.69601119E+00
  -.72000000E+00 -.81352405E+00
  -.68000000E+00 -.94405792E+00
  -.64000000E+00 -.10901926E+01
  -.60000000E+00 -.12552427E+01
  -.56000000E+00 -.14435389E+01
  -.52000000E+00 -.16608503E+01
  -.48000000E+00 -.19150359E+01
  -.44000000E+00 -.22170854E+01
  -.40000000E+00 -.25828506E+01
  -.36000000E+00 -.30360696E+01
  -.32000000E+00 -.36139689E+01
  -.28000000E+00 -.43784293E+01
  -.24000000E+00 -.54404495E+01
  -.20000000E+00 -.70209455E+01
  -.16000000E+00 -.96315793E+01
  -.12000000E+00 -.14787626E+02
  -.80000000E-01 -.29836419E+02
  -.40000000E-01 -.81049315E+03
   .12351231E-14  .33951715E+02
   .40000000E-01  .17022098E+02
   .80000000E-01  .11517652E+02
   .12000000E+00  .87844314E+01
   .16000000E+00  .71464530E+01
   .20000000E+00  .60524143E+01
   .24000000E+00  .52678186E+01
   .28000000E+00  .46759946E+01
   .32000000E+00  .42123505E+01
   .36000000E+00  .38382320E+01
   .40000000E+00  .35290899E+01
   .44000000E+00  .32685839E+01
   .48000000E+00  .30454154E+01
   .52000000E+00  .28515222E+01
   .56000000E+00  .26809964E+01
   .60000000E+00  .25294098E+01
   .64000000E+00  .23933775E+01
   .68000000E+00  .22702675E+01
   .72000000E+00  .21580022E+01
   .76000000E+00  .20549191E+01
   .80000000E+00  .19596722E+01
   .84000000E+00  .18711597E+01
   .88000000E+00  .17884708E+01
   .92000000E+00  .17108459E+01
   .96000000E+00  .16376460E+01
   .10000000E+01  .15683297E+01
   .10400000E+01  .15024351E+01
   .10800000E+01  .14395654E+01
   .11200000E+01  .13793774E+01
   .11600000E+01  .13215731E+01
   .12000000E+01  .12658918E+01
   .12400000E+01  .12121045E+01
   .12800000E+01  .11600090E+01
   .13200000E+01  .11094260E+01
   .13600000E+01  .10601955E+01
   .14000000E+01  .10121743E+01
   .14400000E+01  .96523372E+00
   .14800000E+01  .91925749E+00
   .15200000E+01  .87414015E+00
   .15600000E+01  .82978565E+00
   .16000000E+01  .78610617E+00
   .16400000E+01  .74302107E+00
   .16800000E+01  .70045598E+00
   .17200000E+01  .65834203E+00
   .17600000E+01  .61661521E+00
   .18000000E+01  .57521570E+00
   .18400000E+01  .53408744E+00
   .18800000E+01  .49317762E+00
   .19200000E+01  .45243628E+00
   .19600000E+01  .41181593E+00
   .20000000E+01  .37127127E+00
Core Pot   L  =        1.00000   -.29016
  -.20000000E+01  .10350729E+01
  -.19600000E+01  .10171828E+01
  -.19200000E+01  .99907602E+00
  -.18800000E+01  .98074651E+00
  -.18400000E+01  .96218783E+00
  -.18000000E+01  .94339331E+00
  -.17600000E+01  .92435600E+00
  -.17200000E+01  .90506867E+00
  -.16800000E+01  .88552376E+00
  -.16400000E+01  .86571341E+00
  -.16000000E+01  .84562940E+00
  -.15600000E+01  .82526314E+00
  -.15200000E+01  .80460567E+00
  -.14800000E+01  .78364762E+00
  -.14400000E+01  .76237918E+00
  -.14000000E+01  .74079010E+00
  -.13600000E+01  .71886964E+00
  -.13200000E+01  .69660655E+00
  -.12800000E+01  .67398904E+00
  -.12400000E+01  .65100474E+00
  -.12000000E+01  .62764068E+00
  -.11600000E+01  .60388322E+00
  -.11200000E+01  .57971805E+00
  -.10800000E+01  .55513011E+00
  -.10400000E+01  .53010356E+00
  -.10000000E+01  .50462171E+00
  -.96000000E+00  .47866700E+00
  -.92000000E+00  .45222091E+00
  -.88000000E+00  .42526387E+00
  -.84000000E+00  .39777525E+00
  -.80000000E+00  .36973324E+00
  -.76000000E+00  .34111476E+00
  -.72000000E+00  .31189540E+00
  -.68000000E+00  .28204928E+00
  -.64000000E+00  .25154899E+00
  -.60000000E+00  .22036541E+00
  -.56000000E+00  .18846762E+00
  -.52000000E+00  .15582276E+00
  -.48000000E+00  .12239584E+00
  -.44000000E+00  .88149596E-01
  -.40000000E+00  .53044280E-01
  -.36000000E+00  .17037448E-01
  -.32000000E+00 -.19916238E-01
  -.28000000E+00 -.57865306E-01
  -.24000000E+00 -.96861740E-01
  -.20000000E+00 -.13696130E+00
  -.16000000E+00 -.17822386E+00
  -.12000000E+00 -.22071383E+00
  -.80000000E-01 -.26450054E+00
  -.40000000E-01 -.30965877E+00
   .12351231E-14 -.35626929E+00
   .40000000E-01 -.40441943E+00
   .80000000E-01 -.45420383E+00
   .12000000E+00 -.50572517E+00
   .16000000E+00 -.55909506E+00
   .20000000E+00 -.61443506E+00
   .24000000E+00 -.67187777E+00
   .28000000E+00 -.73156815E+00
   .32000000E+00 -.79366498E+00
   .36000000E+00 -.85834255E+00
   .40000000E+00 -.92579266E+00
   .44000000E+00 -.99622673E+00
   .48000000E+00 -.10698786E+01
   .52000000E+00 -.11470073E+01
   .56000000E+00 -.12279009E+01
   .60000000E+00 -.13128804E+01
   .64000000E+00 -.14023046E+01
   .68000000E+00 -.14965762E+01
   .72000000E+00 -.15961481E+01
   .76000000E+00 -.17015321E+01
   .80000000E+00 -.18133084E+01
   .84000000E+00 -.19321376E+01
   .88000000E+00 -.20587750E+01
   .92000000E+00 -.21940887E+01
   .96000000E+00 -.23390805E+01
   .10000000E+01 -.24949138E+01
   .10400000E+01 -.26629468E+01
   .10800000E+01 -.28447751E+01
   .11200000E+01 -.30422867E+01
   .11600000E+01 -.32577311E+01
   .12000000E+01 -.34938112E+01
   .12400000E+01 -.37538030E+01
   .12800000E+01 -.40417160E+01
   .13200000E+01 -.43625113E+01
   .13600000E+01 -.47224011E+01
   .14000000E+01 -.51292697E+01
   .14400000E+01 -.55932773E+01
   .14800000E+01 -.61277445E+01
   .15200000E+01 -.67504852E+01
   .15600000E+01 -.74858757E+01
   .16000000E+01 -.83681826E+01
   .16400000E+01 -.94471463E+01
   .16800000E+01 -.10797826E+02
   .17200000E+01 -.12539060E+02
   .17600000E+01 -.14870831E+02
   .18000000E+01 -.18157781E+02
   .18400000E+01 -.23142611E+02
   .18800000E+01 -.31607467E+02
   .19200000E+01 -.49171074E+02
   .19600000E+01 -.10764489E+03
   .20000000E+01  .65762478E+03
Potential  L  =        1.00000   -.29016
  -.20000000E+01  .10861012E+01
  -.19600000E+01  .10683752E+01
  -.19200000E+01  .10504176E+01
  -.18800000E+01  .10322209E+01
  -.18400000E+01  .10137774E+01
  -.18000000E+01  .99507892E+00
  -.17600000E+01  .97611682E+00
  -.17200000E+01  .95688215E+00
  -.16800000E+01  .93736545E+00
  -.16400000E+01  .91755683E+00
  -.16000000E+01  .89744585E+00
  -.15600000E+01  .87702157E+00
  -.15200000E+01  .85627243E+00
  -.14800000E+01  .83518629E+00
  -.14400000E+01  .81375033E+00
  -.14000000E+01  .79195104E+00
  -.13600000E+01  .76977415E+00
  -.13200000E+01  .74720458E+00
  -.12800000E+01  .72422638E+00
  -.12400000E+01  .70082268E+00
  -.12000000E+01  .67697560E+00
  -.11600000E+01  .65266619E+00
  -.11200000E+01  .62787434E+00
  -.10800000E+01  .60257867E+00
  -.10400000E+01  .57675647E+00
  -.10000000E+01  .55038355E+00
  -.96000000E+00  .52343417E+00
  -.92000000E+00  .49588083E+00
  -.88000000E+00  .46769419E+00
  -.84000000E+00  .43884288E+00
  -.80000000E+00  .40929337E+00
  -.76000000E+00  .37900964E+00
  -.72000000E+00  .34795311E+00
  -.68000000E+00  .31608232E+00
  -.64000000E+00  .28335265E+00
  -.60000000E+00  .24971606E+00
  -.56000000E+00  .21512069E+00
  -.52000000E+00  .17951052E+00
  -.48000000E+00  .14282493E+00
  -.44000000E+00  .10499820E+00
  -.40000000E+00  .65958965E-01
  -.36000000E+00  .25629602E-01
  -.32000000E+00 -.16074481E-01
  -.28000000E+00 -.59245649E-01
  -.24000000E+00 -.10398496E+00
  -.20000000E+00 -.15040322E+00
  -.16000000E+00 -.19862216E+00
  -.12000000E+00 -.24877589E+00
  -.80000000E-01 -.30101244E+00
  -.40000000E-01 -.35549569E+00
   .12351231E-14 -.41240749E+00
   .40000000E-01 -.47195025E+00
   .80000000E-01 -.53434994E+00
   .12000000E+00 -.59985956E+00
   .16000000E+00 -.66876342E+00
   .20000000E+00 -.74138205E+00
   .24000000E+00 -.81807824E+00
   .28000000E+00 -.89926421E+00
   .32000000E+00 -.98541037E+00
   .36000000E+00 -.10770559E+01
   .40000000E+00 -.11748220E+01
   .44000000E+00 -.12794279E+01
   .48000000E+00 -.13917110E+01
   .52000000E+00 -.15126526E+01
   .56000000E+00 -.16434095E+01
   .60000000E+00 -.17853560E+01
   .64000000E+00 -.19401368E+01
   .68000000E+00 -.21097373E+01
   .72000000E+00 -.22965766E+01
   .76000000E+00 -.25036331E+01
   .80000000E+00 -.27346157E+01
   .84000000E+00 -.29942026E+01
   .88000000E+00 -.32883802E+01
   .92000000E+00 -.36249348E+01
   .96000000E+00 -.40141845E+01
   .10000000E+01 -.44700986E+01
   .10400000E+01 -.50120703E+01
   .10800000E+01 -.56678321E+01
   .11200000E+01 -.64784785E+01
   .11600000E+01 -.75076157E+01
   .12000000E+01 -.88592241E+01
   .12400000E+01 -.10715734E+02
   .12800000E+01 -.13429214E+02
   .13200000E+01 -.17778269E+02
   .13600000E+01 -.25894631E+02
   .14000000E+01 -.46460960E+02
   .14400000E+01 -.20330003E+03
   .14800000E+01  .88983535E+02
   .15200000E+01  .37055893E+02
   .15600000E+01  .23605983E+02
   .16000000E+01  .17421754E+02
   .16400000E+01  .13863861E+02
   .16800000E+01  .11549574E+02
   .17200000E+01  .99218753E+01
   .17600000E+01  .87131672E+01
   .18000000E+01  .77789082E+01
   .18400000E+01  .70341708E+01
   .18800000E+01  .64257805E+01
   .19200000E+01  .59187441E+01
   .19600000E+01  .54890906E+01
   .20000000E+01  .51198483E+01
Core Pot   L  =        2.00000   -.30000
  -.20000000E+01  .25225682E+01
  -.19600000E+01  .22548705E+01
  -.19200000E+01  .20885213E+01
  -.18800000E+01  .19730909E+01
  -.18400000E+01  .18868264E+01
  -.18000000E+01  .18188044E+01
  -.17600000E+01  .17629376E+01
  -.17200000E+01  .17155646E+01
  -.16800000E+01  .16743508E+01
  -.16400000E+01  .16377371E+01
  -.16000000E+01  .16046422E+01
  -.15600000E+01  .15742926E+01
  -.15200000E+01  .15461203E+01
  -.14800000E+01  .15196982E+01
  -.14400000E+01  .14946992E+01
  -.14000000E+01  .14708685E+01
  -.13600000E+01  .14480040E+01
  -.13200000E+01  .14259440E+01
  -.12800000E+01  .14045568E+01
  -.12400000E+01  .13837343E+01
  -.12000000E+01  .13633867E+01
  -.11600000E+01  .13434390E+01
  -.11200000E+01  .13238274E+01
  -.10800000E+01  .13044978E+01
  -.10400000E+01  .12854036E+01
  -.10000000E+01  .12665044E+01
  -.96000000E+00  .12477651E+01
  -.92000000E+00  .12291547E+01
  -.88000000E+00  .12106460E+01
  -.84000000E+00  .11922146E+01
  -.80000000E+00  .11738387E+01
  -.76000000E+00  .11554988E+01
  -.72000000E+00  .11371770E+01
  -.68000000E+00  .11188571E+01
  -.64000000E+00  .11005242E+01
  -.60000000E+00  .10821645E+01
  -.56000000E+00  .10637652E+01
  -.52000000E+00  .10453144E+01
  -.48000000E+00  .10268008E+01
  -.44000000E+00  .10082139E+01
  -.40000000E+00  .98954343E+00
  -.36000000E+00  .97077987E+00
  -.32000000E+00  .95191390E+00
  -.28000000E+00  .93293658E+00
  -.24000000E+00  .91383922E+00
  -.20000000E+00  .89461331E+00
  -.16000000E+00  .87525057E+00
  -.12000000E+00  .85574280E+00
  -.80000000E-01  .83608192E+00
  -.40000000E-01  .81625989E+00
   .12351231E-14  .79626872E+00
   .40000000E-01  .77610040E+00
   .80000000E-01  .75574691E+00
   .12000000E+00  .73520017E+00
   .16000000E+00  .71445202E+00
   .20000000E+00  .69349420E+00
   .24000000E+00  .67231833E+00
   .28000000E+00  .65091587E+00
   .32000000E+00  .62927812E+00
   .36000000E+00  .60739619E+00
   .40000000E+00  .58526097E+00
   .44000000E+00  .56286311E+00
   .48000000E+00  .54019301E+00
   .52000000E+00  .51724076E+00
   .56000000E+00  .49399619E+00
   .60000000E+00  .47044874E+00
   .64000000E+00  .44658753E+00
   .68000000E+00  .42240129E+00
   .72000000E+00  .39787832E+00
   .76000000E+00  .37300648E+00
   .80000000E+00  .34777318E+00
   .84000000E+00  .32216529E+00
   .88000000E+00  .29616916E+00
   .92000000E+00  .26977054E+00
   .96000000E+00  .24295460E+00
   .10000000E+01  .21570582E+00
   .10400000E+01  .18800798E+00
   .10800000E+01  .15984412E+00
   .11200000E+01  .13119648E+00
   .11600000E+01  .10204644E+00
   .12000000E+01  .72374460E-01
   .12400000E+01  .42160039E-01
   .12800000E+01  .11381624E-01
   .13200000E+01 -.19983452E-01
   .13600000E+01 -.51959050E-01
   .14000000E+01 -.84570310E-01
   .14400000E+01 -.11784374E+00
   .14800000E+01 -.15180734E+00
   .15200000E+01 -.18649065E+00
   .15600000E+01 -.22192494E+00
   .16000000E+01 -.25814328E+00
   .16400000E+01 -.29518073E+00
   .16800000E+01 -.33307446E+00
   .17200000E+01 -.37186389E+00
   .17600000E+01 -.41159096E+00
   .18000000E+01 -.45230023E+00
   .18400000E+01 -.49403917E+00
   .18800000E+01 -.53685837E+00
   .19200000E+01 -.58081180E+00
   .19600000E+01 -.62595712E+00
   .20000000E+01 -.67235602E+00
Potential  L  =        2.00000   -.30000
  -.20000000E+01  .15342940E+01
  -.19600000E+01  .15223039E+01
  -.19200000E+01  .15102406E+01
  -.18800000E+01  .14981032E+01
  -.18400000E+01  .14858904E+01
  -.18000000E+01  .14736010E+01
  -.17600000E+01  .14612338E+01
  -.17200000E+01  .14487875E+01
  -.16800000E+01  .14362608E+01
  -.16400000E+01  .14236525E+01
  -.16000000E+01  .14109611E+01
  -.15600000E+01  .13981852E+01
  -.15200000E+01  .13853235E+01
  -.14800000E+01  .13723745E+01
  -.14400000E+01  .13593366E+01
  -.14000000E+01  .13462084E+01
  -.13600000E+01  .13329882E+01
  -.13200000E+01  .13196745E+01
  -.12800000E+01  .13062656E+01
  -.12400000E+01  .12927597E+01
  -.12000000E+01  .12791552E+01
  -.11600000E+01  .12654502E+01
  -.11200000E+01  .12516428E+01
  -.10800000E+01  .12377313E+01
  -.10400000E+01  .12237137E+01
  -.10000000E+01  .12095878E+01
  -.96000000E+00  .11953518E+01
  -.92000000E+00  .11810035E+01
  -.88000000E+00  .11665406E+01
  -.84000000E+00  .11519610E+01
  -.80000000E+00  .11372624E+01
  -.76000000E+00  .11224424E+01
  -.72000000E+00  .11074986E+01
  -.68000000E+00  .10924284E+01
  -.64000000E+00  .10772293E+01
  -.60000000E+00  .10618986E+01
  -.56000000E+00  .10464335E+01
  -.52000000E+00  .10308313E+01
  -.48000000E+00  .10150891E+01
  -.44000000E+00  .99920375E+00
  -.40000000E+00  .98317226E+00
  -.36000000E+00  .96699141E+00
  -.32000000E+00  .95065791E+00
  -.28000000E+00  .93416835E+00
  -.24000000E+00  .91751923E+00
  -.20000000E+00  .90070691E+00
  -.16000000E+00  .88372764E+00
  -.12000000E+00  .86657756E+00
  -.80000000E-01  .84925266E+00
  -.40000000E-01  .83174880E+00
   .12351231E-14  .81406170E+00
   .40000000E-01  .79618694E+00
   .80000000E-01  .77811992E+00
   .12000000E+00  .75985591E+00
   .16000000E+00  .74138999E+00
   .20000000E+00  .72271707E+00
   .24000000E+00  .70383186E+00
   .28000000E+00  .68472891E+00
   .32000000E+00  .66540253E+00
   .36000000E+00  .64584685E+00
   .40000000E+00  .62605575E+00
   .44000000E+00  .60602289E+00
   .48000000E+00  .58574168E+00
   .52000000E+00  .56520529E+00
   .56000000E+00  .54440660E+00
   .60000000E+00  .52333821E+00
   .64000000E+00  .50199243E+00
   .68000000E+00  .48036125E+00
   .72000000E+00  .45843632E+00
   .76000000E+00  .43620897E+00
   .80000000E+00  .41367015E+00
   .84000000E+00  .39081042E+00
   .88000000E+00  .36761993E+00
   .92000000E+00  .34408842E+00
   .96000000E+00  .32020516E+00
   .10000000E+01  .29595896E+00
   .10400000E+01  .27133810E+00
   .10800000E+01  .24633034E+00
   .11200000E+01  .22092288E+00
   .11600000E+01  .19510231E+00
   .12000000E+01  .16885459E+00
   .12400000E+01  .14216501E+00
   .12800000E+01  .11501813E+00
   .13200000E+01  .87397784E-01
   .13600000E+01  .59286963E-01
   .14000000E+01  .30667822E-01
   .14400000E+01  .15215948E-02
   .14800000E+01 -.28171454E-01
   .15200000E+01 -.58432097E-01
   .15600000E+01 -.89282215E-01
   .16000000E+01 -.12074487E+00
   .16400000E+01 -.15284439E+00
   .16800000E+01 -.18560644E+00
   .17200000E+01 -.21905815E+00
   .17600000E+01 -.25322820E+00
   .18000000E+01 -.28814692E+00
   .18400000E+01 -.32384645E+00
   .18800000E+01 -.36036083E+00
   .19200000E+01 -.39772618E+00
   .19600000E+01 -.43598086E+00
   .20000000E+01 -.47516561E+00
Core Pot   L  =        3.00000   -.10000
  -.20000000E+01  .18562680E+01
  -.19600000E+01  .18460673E+01
  -.19200000E+01  .18358193E+01
  -.18800000E+01  .18255232E+01
  -.18400000E+01  .18151785E+01
  -.18000000E+01  .18047845E+01
  -.17600000E+01  .17943407E+01
  -.17200000E+01  .17838464E+01
  -.16800000E+01  .17733010E+01
  -.16400000E+01  .17627037E+01
  -.16000000E+01  .17520539E+01
  -.15600000E+01  .17413509E+01
  -.15200000E+01  .17305940E+01
  -.14800000E+01  .17197825E+01
  -.14400000E+01  .17089156E+01
  -.14000000E+01  .16979926E+01
  -.13600000E+01  .16870127E+01
  -.13200000E+01  .16759751E+01
  -.12800000E+01  .16648791E+01
  -.12400000E+01  .16537238E+01
  -.12000000E+01  .16425084E+01
  -.11600000E+01  .16312320E+01
  -.11200000E+01  .16198937E+01
  -.10800000E+01  .16084928E+01
  -.10400000E+01  .15970281E+01
  -.10000000E+01  .15854989E+01
  -.96000000E+00  .15739042E+01
  -.92000000E+00  .15622430E+01
  -.88000000E+00  .15505143E+01
  -.84000000E+00  .15387171E+01
  -.80000000E+00  .15268504E+01
  -.76000000E+00  .15149130E+01
  -.72000000E+00  .15029040E+01
  -.68000000E+00  .14908221E+01
  -.64000000E+00  .14786663E+01
  -.60000000E+00  .14664354E+01
  -.56000000E+00  .14541282E+01
  -.52000000E+00  .14417435E+01
  -.48000000E+00  .14292800E+01
  -.44000000E+00  .14167364E+01
  -.40000000E+00  .14041115E+01
  -.36000000E+00  .13914038E+01
  -.32000000E+00  .13786121E+01
  -.28000000E+00  .13657348E+01
  -.24000000E+00  .13527706E+01
  -.20000000E+00  .13397179E+01
  -.16000000E+00  .13265752E+01
  -.12000000E+00  .13133411E+01
  -.80000000E-01  .13000137E+01
  -.40000000E-01  .12865916E+01
   .12351231E-14  .12730730E+01
   .40000000E-01  .12594562E+01
   .80000000E-01  .12457394E+01
   .12000000E+00  .12319208E+01
   .16000000E+00  .12179984E+01
   .20000000E+00  .12039705E+01
   .24000000E+00  .11898349E+01
   .28000000E+00  .11755896E+01
   .32000000E+00  .11612326E+01
   .36000000E+00  .11467617E+01
   .40000000E+00  .11321747E+01
   .44000000E+00  .11174692E+01
   .48000000E+00  .11026430E+01
   .52000000E+00  .10876936E+01
   .56000000E+00  .10726185E+01
   .60000000E+00  .10574152E+01
   .64000000E+00  .10420810E+01
   .68000000E+00  .10266133E+01
   .72000000E+00  .10110091E+01
   .76000000E+00  .99526565E+00
   .80000000E+00  .97937994E+00
   .84000000E+00  .96334889E+00
   .88000000E+00  .94716933E+00
   .92000000E+00  .93083800E+00
   .96000000E+00  .91435150E+00
   .10000000E+01  .89770637E+00
   .10400000E+01  .88089898E+00
   .10800000E+01  .86392564E+00
   .11200000E+01  .84678247E+00
   .11600000E+01  .82946552E+00
   .12000000E+01  .81197067E+00
   .12400000E+01  .79429368E+00
   .12800000E+01  .77643013E+00
   .13200000E+01  .75837547E+00
   .13600000E+01  .74012500E+00
   .14000000E+01  .72167382E+00
   .14400000E+01  .70301688E+00
   .14800000E+01  .68414893E+00
   .15200000E+01  .66506453E+00
   .15600000E+01  .64575804E+00
   .16000000E+01  .62622361E+00
   .16400000E+01  .60645517E+00
   .16800000E+01  .58644640E+00
   .17200000E+01  .56619075E+00
   .17600000E+01  .54568142E+00
   .18000000E+01  .52491132E+00
   .18400000E+01  .50387309E+00
   .18800000E+01  .48255907E+00
   .19200000E+01  .46096128E+00
   .19600000E+01  .43907142E+00
   .20000000E+01  .41688085E+00
Potential  L  =        3.00000   -.10000
  -.20000000E+01  .18575737E+01
  -.19600000E+01  .18473359E+01
  -.19200000E+01  .18370506E+01
  -.18800000E+01  .18267173E+01
  -.18400000E+01  .18163354E+01
  -.18000000E+01  .18059042E+01
  -.17600000E+01  .17954233E+01
  -.17200000E+01  .17848919E+01
  -.16800000E+01  .17743094E+01
  -.16400000E+01  .17636753E+01
  -.16000000E+01  .17529887E+01
  -.15600000E+01  .17422491E+01
  -.15200000E+01  .17314557E+01
  -.14800000E+01  .17206080E+01
  -.14400000E+01  .17097050E+01
  -.14000000E+01  .16987462E+01
  -.13600000E+01  .16877308E+01
  -.13200000E+01  .16766581E+01
  -.12800000E+01  .16655272E+01
  -.12400000E+01  .16543374E+01
  -.12000000E+01  .16430878E+01
  -.11600000E+01  .16317778E+01
  -.11200000E+01  .16204063E+01
  -.10800000E+01  .16089727E+01
  -.10400000E+01  .15974759E+01
  -.10000000E+01  .15859152E+01
  -.96000000E+00  .15742896E+01
  -.92000000E+00  .15625982E+01
  -.88000000E+00  .15508400E+01
  -.84000000E+00  .15390142E+01
  -.80000000E+00  .15271196E+01
  -.76000000E+00  .15151554E+01
  -.72000000E+00  .15031204E+01
  -.68000000E+00  .14910136E+01
  -.64000000E+00  .14788340E+01
  -.60000000E+00  .14665804E+01
  -.56000000E+00  .14542517E+01
  -.52000000E+00  .14418468E+01
  -.48000000E+00  .14293646E+01
  -.44000000E+00  .14168037E+01
  -.40000000E+00  .14041630E+01
  -.36000000E+00  .13914412E+01
  -.32000000E+00  .13786371E+01
  -.28000000E+00  .13657493E+01
  -.24000000E+00  .13527765E+01
  -.20000000E+00  .13397172E+01
  -.16000000E+00  .13265702E+01
  -.12000000E+00  .13133339E+01
  -.80000000E-01  .13000069E+01
  -.40000000E-01  .12865876E+01
   .12351231E-14  .12730745E+01
   .40000000E-01  .12594660E+01
   .80000000E-01  .12457605E+01
   .12000000E+00  .12319563E+01
   .16000000E+00  .12180517E+01
   .20000000E+00  .12040450E+01
   .24000000E+00  .11899342E+01
   .28000000E+00  .11757177E+01
   .32000000E+00  .11613935E+01
   .36000000E+00  .11469596E+01
   .40000000E+00  .11324140E+01
   .44000000E+00  .11177548E+01
   .48000000E+00  .11029797E+01
   .52000000E+00  .10880867E+01
   .56000000E+00  .10730735E+01
   .60000000E+00  .10579379E+01
   .64000000E+00  .10426774E+01
   .68000000E+00  .10272898E+01
   .72000000E+00  .10117724E+01
   .76000000E+00  .99612286E+00
   .80000000E+00  .98033845E+00
   .84000000E+00  .96441650E+00
   .88000000E+00  .94835425E+00
   .92000000E+00  .93214886E+00
   .96000000E+00  .91579738E+00
   .10000000E+01  .89929680E+00
   .10400000E+01  .88264402E+00
   .10800000E+01  .86583582E+00
   .11200000E+01  .84886892E+00
   .11600000E+01  .83173992E+00
   .12000000E+01  .81444531E+00
   .12400000E+01  .79698148E+00
   .12800000E+01  .77934471E+00
   .13200000E+01  .76153116E+00
   .13600000E+01  .74353686E+00
   .14000000E+01  .72535773E+00
   .14400000E+01  .70698953E+00
   .14800000E+01  .68842792E+00
   .15200000E+01  .66966839E+00
   .15600000E+01  .65070628E+00
   .16000000E+01  .63153679E+00
   .16400000E+01  .61215495E+00
   .16800000E+01  .59255562E+00
   .17200000E+01  .57273347E+00
   .17600000E+01  .55268301E+00
   .18000000E+01  .53239855E+00
   .18400000E+01  .51187419E+00
   .18800000E+01  .49110382E+00
   .19200000E+01  .47008111E+00
   .19600000E+01  .44879952E+00
   .20000000E+01  .42725224E+00
Core Pot   L  =        4.00000    .00000
  -.20000000E+01  .22877683E+01
  -.19600000E+01  .22795458E+01
  -.19200000E+01  .22712985E+01
  -.18800000E+01  .22630264E+01
  -.18400000E+01  .22547291E+01
  -.18000000E+01  .22464065E+01
  -.17600000E+01  .22380585E+01
  -.17200000E+01  .22296847E+01
  -.16800000E+01  .22212850E+01
  -.16400000E+01  .22128591E+01
  -.16000000E+01  .22044069E+01
  -.15600000E+01  .21959281E+01
  -.15200000E+01  .21874224E+01
  -.14800000E+01  .21788898E+01
  -.14400000E+01  .21703299E+01
  -.14000000E+01  .21617425E+01
  -.13600000E+01  .21531273E+01
  -.13200000E+01  .21444842E+01
  -.12800000E+01  .21358129E+01
  -.12400000E+01  .21271131E+01
  -.12000000E+01  .21183846E+01
  -.11600000E+01  .21096272E+01
  -.11200000E+01  .21008406E+01
  -.10800000E+01  .20920245E+01
  -.10400000E+01  .20831786E+01
  -.10000000E+01  .20743028E+01
  -.96000000E+00  .20653967E+01
  -.92000000E+00  .20564601E+01
  -.88000000E+00  .20474927E+01
  -.84000000E+00  .20384942E+01
  -.80000000E+00  .20294643E+01
  -.76000000E+00  .20204027E+01
  -.72000000E+00  .20113092E+01
  -.68000000E+00  .20021835E+01
  -.64000000E+00  .19930252E+01
  -.60000000E+00  .19838340E+01
  -.56000000E+00  .19746097E+01
  -.52000000E+00  .19653520E+01
  -.48000000E+00  .19560604E+01
  -.44000000E+00  .19467347E+01
  -.40000000E+00  .19373746E+01
  -.36000000E+00  .19279797E+01
  -.32000000E+00  .19185497E+01
  -.28000000E+00  .19090843E+01
  -.24000000E+00  .18995830E+01
  -.20000000E+00  .18900457E+01
  -.16000000E+00  .18804718E+01
  -.12000000E+00  .18708610E+01
  -.80000000E-01  .18612131E+01
  -.40000000E-01  .18515275E+01
   .12351231E-14  .18418039E+01
   .40000000E-01  .18320420E+01
   .80000000E-01  .18222413E+01
   .12000000E+00  .18124015E+01
   .16000000E+00  .18025221E+01
   .20000000E+00  .17926027E+01
   .24000000E+00  .17826430E+01
   .28000000E+00  .17726424E+01
   .32000000E+00  .17626007E+01
   .36000000E+00  .17525172E+01
   .40000000E+00  .17423917E+01
   .44000000E+00  .17322236E+01
   .48000000E+00  .17220125E+01
   .52000000E+00  .17117579E+01
   .56000000E+00  .17014594E+01
   .60000000E+00  .16911165E+01
   .64000000E+00  .16807286E+01
   .68000000E+00  .16702954E+01
   .72000000E+00  .16598162E+01
   .76000000E+00  .16492906E+01
   .80000000E+00  .16387181E+01
   .84000000E+00  .16280981E+01
   .88000000E+00  .16174301E+01
   .92000000E+00  .16067136E+01
   .96000000E+00  .15959480E+01
   .10000000E+01  .15851327E+01
   .10400000E+01  .15742671E+01
   .10800000E+01  .15633508E+01
   .11200000E+01  .15523830E+01
   .11600000E+01  .15413632E+01
   .12000000E+01  .15302907E+01
   .12400000E+01  .15191650E+01
   .12800000E+01  .15079854E+01
   .13200000E+01  .14967512E+01
   .13600000E+01  .14854618E+01
   .14000000E+01  .14741165E+01
   .14400000E+01  .14627146E+01
   .14800000E+01  .14512554E+01
   .15200000E+01  .14397383E+01
   .15600000E+01  .14281625E+01
   .16000000E+01  .14165272E+01
   .16400000E+01  .14048318E+01
   .16800000E+01  .13930754E+01
   .17200000E+01  .13812572E+01
   .17600000E+01  .13693766E+01
   .18000000E+01  .13574325E+01
   .18400000E+01  .13454244E+01
   .18800000E+01  .13333512E+01
   .19200000E+01  .13212122E+01
   .19600000E+01  .13090065E+01
   .20000000E+01  .12967331E+01
Potential  L  =        4.00000    .00000
  -.20000000E+01  .22907595E+01
  -.19600000E+01  .22825050E+01
  -.19200000E+01  .22742254E+01
  -.18800000E+01  .22659205E+01
  -.18400000E+01  .22575900E+01
  -.18000000E+01  .22492338E+01
  -.17600000E+01  .22408517E+01
  -.17200000E+01  .22324434E+01
  -.16800000E+01  .22240087E+01
  -.16400000E+01  .22155474E+01
  -.16000000E+01  .22070593E+01
  -.15600000E+01  .21985442E+01
  -.15200000E+01  .21900017E+01
  -.14800000E+01  .21814318E+01
  -.14400000E+01  .21728341E+01
  -.14000000E+01  .21642084E+01
  -.13600000E+01  .21555545E+01
  -.13200000E+01  .21468721E+01
  -.12800000E+01  .21381609E+01
  -.12400000E+01  .21294208E+01
  -.12000000E+01  .21206515E+01
  -.11600000E+01  .21118527E+01
  -.11200000E+01  .21030241E+01
  -.10800000E+01  .20941655E+01
  -.10400000E+01  .20852766E+01
  -.10000000E+01  .20763572E+01
  -.96000000E+00  .20674069E+01
  -.92000000E+00  .20584255E+01
  -.88000000E+00  .20494127E+01
  -.84000000E+00  .20403682E+01
  -.80000000E+00  .20312918E+01
  -.76000000E+00  .20221830E+01
  -.72000000E+00  .20130417E+01
  -.68000000E+00  .20038675E+01
  -.64000000E+00  .19946601E+01
  -.60000000E+00  .19854192E+01
  -.56000000E+00  .19761445E+01
  -.52000000E+00  .19668357E+01
  -.48000000E+00  .19574923E+01
  -.44000000E+00  .19481142E+01
  -.40000000E+00  .19387009E+01
  -.36000000E+00  .19292521E+01
  -.32000000E+00  .19197676E+01
  -.28000000E+00  .19102468E+01
  -.24000000E+00  .19006895E+01
  -.20000000E+00  .18910953E+01
  -.16000000E+00  .18814638E+01
  -.12000000E+00  .18717947E+01
  -.80000000E-01  .18620875E+01
  -.40000000E-01  .18523420E+01
   .12351231E-14  .18425577E+01
   .40000000E-01  .18327341E+01
   .80000000E-01  .18228710E+01
   .12000000E+00  .18129679E+01
   .16000000E+00  .18030243E+01
   .20000000E+00  .17930400E+01
   .24000000E+00  .17830143E+01
   .28000000E+00  .17729470E+01
   .32000000E+00  .17628375E+01
   .36000000E+00  .17526854E+01
   .40000000E+00  .17424903E+01
   .44000000E+00  .17322516E+01
   .48000000E+00  .17219690E+01
   .52000000E+00  .17116419E+01
   .56000000E+00  .17012699E+01
   .60000000E+00  .16908524E+01
   .64000000E+00  .16803890E+01
   .68000000E+00  .16698792E+01
   .72000000E+00  .16593224E+01
   .76000000E+00  .16487180E+01
   .80000000E+00  .16380657E+01
   .84000000E+00  .16273647E+01
   .88000000E+00  .16166147E+01
   .92000000E+00  .16058149E+01
   .96000000E+00  .15949649E+01
   .10000000E+01  .15840640E+01
   .10400000E+01  .15731116E+01
   .10800000E+01  .15621073E+01
   .11200000E+01  .15510502E+01
   .11600000E+01  .15399399E+01
   .12000000E+01  .15287756E+01
   .12400000E+01  .15175568E+01
   .12800000E+01  .15062827E+01
   .13200000E+01  .14949527E+01
   .13600000E+01  .14835662E+01
   .14000000E+01  .14721224E+01
   .14400000E+01  .14606206E+01
   .14800000E+01  .14490601E+01
   .15200000E+01  .14374401E+01
   .15600000E+01  .14257600E+01
   .16000000E+01  .14140189E+01
   .16400000E+01  .14022161E+01
   .16800000E+01  .13903508E+01
   .17200000E+01  .13784222E+01
   .17600000E+01  .13664295E+01
   .18000000E+01  .13543718E+01
   .18400000E+01  .13422482E+01
   .18800000E+01  .13300580E+01
   .19200000E+01  .13178003E+01
   .19600000E+01  .13054740E+01
   .20000000E+01  .12930784E+01
KBPotential  L  =       .00000  -1.73241
  -.20000000E+01  .65521929E+00
  -.19600000E+01  .62911310E+00
  -.19200000E+01  .60245894E+00
  -.18800000E+01  .57523248E+00
  -.18400000E+01  .54740786E+00
  -.18000000E+01  .51895759E+00
  -.17600000E+01  .48985239E+00
  -.17200000E+01  .46006107E+00
  -.16800000E+01  .42955035E+00
  -.16400000E+01  .39828471E+00
  -.16000000E+01  .36622614E+00
  -.15600000E+01  .33333398E+00
  -.15200000E+01  .29956466E+00
  -.14800000E+01  .26487141E+00
  -.14400000E+01  .22920399E+00
  -.14000000E+01  .19250836E+00
  -.13600000E+01  .15472627E+00
  -.13200000E+01  .11579484E+00
  -.12800000E+01  .75646424E-01
  -.12400000E+01  .34207324E-01
  -.12000000E+01 -.86019979E-02
  -.11600000E+01 -.52867990E-01
  -.11200000E+01 -.98684677E-01
  -.10800000E+01 -.14615451E+00
  -.10400000E+01 -.19538934E+00
  -.10000000E+01 -.24651153E+00
  -.96000000E+00 -.29965518E+00
  -.92000000E+00 -.35496765E+00
  -.88000000E+00 -.41261116E+00
  -.84000000E+00 -.47276479E+00
  -.80000000E+00 -.53562666E+00
  -.76000000E+00 -.60141662E+00
  -.72000000E+00 -.67037920E+00
  -.68000000E+00 -.74278732E+00
  -.64000000E+00 -.81894643E+00
  -.60000000E+00 -.89919953E+00
  -.56000000E+00 -.98393319E+00
  -.52000000E+00 -.10735846E+01
  -.48000000E+00 -.11686503E+01
  -.44000000E+00 -.12696964E+01
  -.40000000E+00 -.13773715E+01
  -.36000000E+00 -.14924218E+01
  -.32000000E+00 -.16157109E+01
  -.28000000E+00 -.17482432E+01
  -.24000000E+00 -.18911943E+01
  -.20000000E+00 -.20459487E+01
  -.16000000E+00 -.22141485E+01
  -.12000000E+00 -.23977568E+01
  -.80000000E-01 -.25991391E+01
  -.40000000E-01 -.28211731E+01
   .12351231E-14 -.30673946E+01
   .40000000E-01 -.33421975E+01
   .80000000E-01 -.36511102E+01
   .12000000E+00 -.40011885E+01
   .16000000E+00 -.44015805E+01
   .20000000E+00 -.48643658E+01
   .24000000E+00 -.54058316E+01
   .28000000E+00 -.60484789E+01
   .32000000E+00 -.68242994E+01
   .36000000E+00 -.77803689E+01
   .40000000E+00 -.89889253E+01
   .44000000E+00 -.10566774E+02
   .48000000E+00 -.12715927E+02
   .52000000E+00 -.15818625E+02
   .56000000E+00 -.20696032E+02
   .60000000E+00 -.29491950E+02
   .64000000E+00 -.50130870E+02
   .68000000E+00 -.15610747E+03
   .72000000E+00  .14817059E+03
   .76000000E+00  .51163826E+02
   .80000000E+00  .31241500E+02
   .84000000E+00  .22642691E+02
   .88000000E+00  .17846056E+02
   .92000000E+00  .14783880E+02
   .96000000E+00  .12657648E+02
   .10000000E+01  .11093782E+02
   .10400000E+01  .98941611E+01
   .10800000E+01  .89439394E+01
   .11200000E+01  .81719516E+01
   .11600000E+01  .75317498E+01
   .12000000E+01  .69917295E+01
   .12400000E+01  .65296387E+01
   .12800000E+01  .61293564E+01
   .13200000E+01  .57789173E+01
   .13600000E+01  .54692537E+01
   .14000000E+01  .51933680E+01
   .14400000E+01  .49457742E+01
   .14800000E+01  .47221104E+01
   .15200000E+01  .45188649E+01
   .15600000E+01  .43331784E+01
   .16000000E+01  .41626997E+01
   .16400000E+01  .40054769E+01
   .16800000E+01  .38598765E+01
   .17200000E+01  .37245210E+01
   .17600000E+01  .35982402E+01
   .18000000E+01  .34800340E+01
   .18400000E+01  .33690422E+01
   .18800000E+01  .32645212E+01
   .19200000E+01  .31658244E+01
   .19600000E+01  .30723871E+01
   .20000000E+01  .29837141E+01
KBPotential  L  =      1.00000   -.58032
  -.20000000E+01  .10348508E+01
  -.19600000E+01  .10169724E+01
  -.19200000E+01  .99887696E+00
  -.18800000E+01  .98055842E+00
  -.18400000E+01  .96201035E+00
  -.18000000E+01  .94322608E+00
  -.17600000E+01  .92419868E+00
  -.17200000E+01  .90492089E+00
  -.16800000E+01  .88538519E+00
  -.16400000E+01  .86558368E+00
  -.16000000E+01  .84550817E+00
  -.15600000E+01  .82515007E+00
  -.15200000E+01  .80450042E+00
  -.14800000E+01  .78354984E+00
  -.14400000E+01  .76228855E+00
  -.14000000E+01  .74070627E+00
  -.13600000E+01  .71879229E+00
  -.13200000E+01  .69653536E+00
  -.12800000E+01  .67392367E+00
  -.12400000E+01  .65094489E+00
  -.12000000E+01  .62758603E+00
  -.11600000E+01  .60383345E+00
  -.11200000E+01  .57967286E+00
  -.10800000E+01  .55508919E+00
  -.10400000E+01  .53006661E+00
  -.10000000E+01  .50458846E+00
  -.96000000E+00  .47863715E+00
  -.92000000E+00  .45219418E+00
  -.88000000E+00  .42524000E+00
  -.84000000E+00  .39775397E+00
  -.80000000E+00  .36971430E+00
  -.76000000E+00  .34109791E+00
  -.72000000E+00  .31188040E+00
  -.68000000E+00  .28203592E+00
  -.64000000E+00  .25153703E+00
  -.60000000E+00  .22035466E+00
  -.56000000E+00  .18845789E+00
  -.52000000E+00  .15581386E+00
  -.48000000E+00  .12238761E+00
  -.44000000E+00  .88141870E-01
  -.40000000E+00  .53036918E-01
  -.36000000E+00  .17030333E-01
  -.32000000E+00 -.19923219E-01
  -.28000000E+00 -.57872247E-01
  -.24000000E+00 -.96868721E-01
  -.20000000E+00 -.13696838E+00
  -.16000000E+00 -.17823109E+00
  -.12000000E+00 -.22072123E+00
  -.80000000E-01 -.26450812E+00
  -.40000000E-01 -.30966653E+00
   .12351231E-14 -.35627721E+00
   .40000000E-01 -.40442748E+00
   .80000000E-01 -.45421196E+00
   .12000000E+00 -.50573332E+00
   .16000000E+00 -.55910318E+00
   .20000000E+00 -.61444309E+00
   .24000000E+00 -.67188565E+00
   .28000000E+00 -.73157582E+00
   .32000000E+00 -.79367243E+00
   .36000000E+00 -.85834979E+00
   .40000000E+00 -.92579972E+00
   .44000000E+00 -.99623375E+00
   .48000000E+00 -.10698858E+01
   .52000000E+00 -.11470150E+01
   .56000000E+00 -.12279096E+01
   .60000000E+00 -.13128908E+01
   .64000000E+00 -.14023177E+01
   .68000000E+00 -.14965931E+01
   .72000000E+00 -.15961706E+01
   .76000000E+00 -.17015625E+01
   .80000000E+00 -.18133495E+01
   .84000000E+00 -.19321932E+01
   .88000000E+00 -.20588500E+01
   .92000000E+00 -.21941893E+01
   .96000000E+00 -.23392147E+01
   .10000000E+01 -.24950919E+01
   .10400000E+01 -.26631819E+01
   .10800000E+01 -.28450844E+01
   .11200000E+01 -.30426919E+01
   .11600000E+01 -.32582606E+01
   .12000000E+01 -.34945018E+01
   .12400000E+01 -.37547027E+01
   .12800000E+01 -.40428883E+01
   .13200000E+01 -.43640402E+01
   .13600000E+01 -.47243994E+01
   .14000000E+01 -.51318904E+01
   .14400000E+01 -.55967309E+01
   .14800000E+01 -.61323253E+01
   .15200000E+01 -.67566122E+01
   .15600000E+01 -.74941595E+01
   .16000000E+01 -.83795378E+01
   .16400000E+01 -.94629884E+01
   .16800000E+01 -.10820438E+02
   .17200000E+01 -.12572318E+02
   .17600000E+01 -.14921770E+02
   .18000000E+01 -.18240381E+02
   .18400000E+01 -.23288406E+02
   .18800000E+01 -.31902929E+02
   .19200000E+01 -.49949518E+02
   .19600000E+01 -.11176436E+03
   .20000000E+01  .52907215E+03
KBPotential  L  =      2.00000   -.60000
  -.20000000E+01  .15831605E+01
  -.19600000E+01  .15707638E+01
  -.19200000E+01  .15582744E+01
  -.18800000E+01  .15456905E+01
  -.18400000E+01  .15330102E+01
  -.18000000E+01  .15202314E+01
  -.17600000E+01  .15073521E+01
  -.17200000E+01  .14943702E+01
  -.16800000E+01  .14812835E+01
  -.16400000E+01  .14680897E+01
  -.16000000E+01  .14547864E+01
  -.15600000E+01  .14413713E+01
  -.15200000E+01  .14278418E+01
  -.14800000E+01  .14141955E+01
  -.14400000E+01  .14004295E+01
  -.14000000E+01  .13865412E+01
  -.13600000E+01  .13725277E+01
  -.13200000E+01  .13583861E+01
  -.12800000E+01  .13441132E+01
  -.12400000E+01  .13297060E+01
  -.12000000E+01  .13151612E+01
  -.11600000E+01  .13004754E+01
  -.11200000E+01  .12856451E+01
  -.10800000E+01  .12706666E+01
  -.10400000E+01  .12555361E+01
  -.10000000E+01  .12402498E+01
  -.96000000E+00  .12248035E+01
  -.92000000E+00  .12091931E+01
  -.88000000E+00  .11934142E+01
  -.84000000E+00  .11774621E+01
  -.80000000E+00  .11613322E+01
  -.76000000E+00  .11450196E+01
  -.72000000E+00  .11285191E+01
  -.68000000E+00  .11118253E+01
  -.64000000E+00  .10949328E+01
  -.60000000E+00  .10778357E+01
  -.56000000E+00  .10605280E+01
  -.52000000E+00  .10430034E+01
  -.48000000E+00  .10252553E+01
  -.44000000E+00  .10072770E+01
  -.40000000E+00  .98906115E+00
  -.36000000E+00  .97060040E+00
  -.32000000E+00  .95188692E+00
  -.28000000E+00  .93291252E+00
  -.24000000E+00  .91366866E+00
  -.20000000E+00  .89414638E+00
  -.16000000E+00  .87433631E+00
  -.12000000E+00  .85422862E+00
  -.80000000E-01  .83381299E+00
  -.40000000E-01  .81307860E+00
   .12351231E-14  .79201408E+00
   .40000000E-01  .77060750E+00
   .80000000E-01  .74884629E+00
   .12000000E+00  .72671724E+00
   .16000000E+00  .70420643E+00
   .20000000E+00  .68129922E+00
   .24000000E+00  .65798012E+00
   .28000000E+00  .63423284E+00
   .32000000E+00  .61004015E+00
   .36000000E+00  .58538383E+00
   .40000000E+00  .56024462E+00
   .44000000E+00  .53460215E+00
   .48000000E+00  .50843481E+00
   .52000000E+00  .48171969E+00
   .56000000E+00  .45443247E+00
   .60000000E+00  .42654734E+00
   .64000000E+00  .39803682E+00
   .68000000E+00  .36887167E+00
   .72000000E+00  .33902074E+00
   .76000000E+00  .30845080E+00
   .80000000E+00  .27712636E+00
   .84000000E+00  .24500949E+00
   .88000000E+00  .21205960E+00
   .92000000E+00  .17823317E+00
   .96000000E+00  .14348353E+00
   .10000000E+01  .10776055E+00
   .10400000E+01  .71010283E-01
   .10800000E+01  .33174643E-01
   .11200000E+01 -.58090411E-02
   .11600000E+01 -.46008472E-01
   .12000000E+01 -.87496903E-01
   .12400000E+01 -.13035372E+00
   .12800000E+01 -.17466510E+00
   .13200000E+01 -.22052474E+00
   .13600000E+01 -.26803476E+00
   .14000000E+01 -.31730656E+00
   .14400000E+01 -.36846201E+00
   .14800000E+01 -.42163467E+00
   .15200000E+01 -.47697120E+00
   .15600000E+01 -.53463307E+00
   .16000000E+01 -.59479842E+00
   .16400000E+01 -.65766432E+00
   .16800000E+01 -.72344934E+00
   .17200000E+01 -.79239654E+00
   .17600000E+01 -.86477705E+00
   .18000000E+01 -.94089422E+00
   .18400000E+01 -.10210886E+01
   .18800000E+01 -.11057437E+01
   .19200000E+01 -.11952931E+01
   .19600000E+01 -.12902291E+01
   .20000000E+01 -.13911125E+01
KBPotential  L  =      3.00000    .00000
  -.20000000E+01  .18575737E+01
  -.19600000E+01  .18473359E+01
  -.19200000E+01  .18370506E+01
  -.18800000E+01  .18267173E+01
  -.18400000E+01  .18163354E+01
  -.18000000E+01  .18059042E+01
  -.17600000E+01  .17954233E+01
  -.17200000E+01  .17848919E+01
  -.16800000E+01  .17743094E+01
  -.16400000E+01  .17636753E+01
  -.16000000E+01  .17529887E+01
  -.15600000E+01  .17422491E+01
  -.15200000E+01  .17314557E+01
  -.14800000E+01  .17206080E+01
  -.14400000E+01  .17097050E+01
  -.14000000E+01  .16987462E+01
  -.13600000E+01  .16877308E+01
  -.13200000E+01  .16766581E+01
  -.12800000E+01  .16655272E+01
  -.12400000E+01  .16543374E+01
  -.12000000E+01  .16430878E+01
  -.11600000E+01  .16317778E+01
  -.11200000E+01  .16204063E+01
  -.10800000E+01  .16089727E+01
  -.10400000E+01  .15974759E+01
  -.10000000E+01  .15859152E+01
  -.96000000E+00  .15742896E+01
  -.92000000E+00  .15625982E+01
  -.88000000E+00  .15508400E+01
  -.84000000E+00  .15390142E+01
  -.80000000E+00  .15271196E+01
  -.76000000E+00  .15151554E+01
  -.72000000E+00  .15031204E+01
  -.68000000E+00  .14910136E+01
  -.64000000E+00  .14788340E+01
  -.60000000E+00  .14665804E+01
  -.56000000E+00  .14542517E+01
  -.52000000E+00  .14418468E+01
  -.48000000E+00  .14293646E+01
  -.44000000E+00  .14168037E+01
  -.40000000E+00  .14041630E+01
  -.36000000E+00  .13914412E+01
  -.32000000E+00  .13786371E+01
  -.28000000E+00  .13657493E+01
  -.24000000E+00  .13527765E+01
  -.20000000E+00  .13397172E+01
  -.16000000E+00  .13265702E+01
  -.12000000E+00  .13133339E+01
  -.80000000E-01  .13000069E+01
  -.40000000E-01  .12865876E+01
   .12351231E-14  .12730745E+01
   .40000000E-01  .12594660E+01
   .80000000E-01  .12457605E+01
   .12000000E+00  .12319563E+01
   .16000000E+00  .12180517E+01
   .20000000E+00  .12040450E+01
   .24000000E+00  .11899342E+01
   .28000000E+00  .11757177E+01
   .32000000E+00  .11613935E+01
   .36000000E+00  .11469596E+01
   .40000000E+00  .11324140E+01
   .44000000E+00  .11177548E+01
   .48000000E+00  .11029797E+01
   .52000000E+00  .10880867E+01
   .56000000E+00  .10730735E+01
   .60000000E+00  .10579379E+01
   .64000000E+00  .10426774E+01
   .68000000E+00  .10272898E+01
   .72000000E+00  .10117724E+01
   .76000000E+00  .99612286E+00
   .80000000E+00  .98033845E+00
   .84000000E+00  .96441650E+00
   .88000000E+00  .94835425E+00
   .92000000E+00  .93214886E+00
   .96000000E+00  .91579738E+00
   .10000000E+01  .89929680E+00
   .10400000E+01  .88264402E+00
   .10800000E+01  .86583582E+00
   .11200000E+01  .84886892E+00
   .11600000E+01  .83173992E+00
   .12000000E+01  .81444531E+00
   .12400000E+01  .79698148E+00
   .12800000E+01  .77934471E+00
   .13200000E+01  .76153116E+00
   .13600000E+01  .74353686E+00
   .14000000E+01  .72535773E+00
   .14400000E+01  .70698953E+00
   .14800000E+01  .68842792E+00
   .15200000E+01  .66966839E+00
   .15600000E+01  .65070628E+00
   .16000000E+01  .63153679E+00
   .16400000E+01  .61215495E+00
   .16800000E+01  .59255562E+00
   .17200000E+01  .57273347E+00
   .17600000E+01  .55268301E+00
   .18000000E+01  .53239855E+00
   .18400000E+01  .51187419E+00
   .18800000E+01  .49110382E+00
   .19200000E+01  .47008111E+00
   .19600000E+01  .44879952E+00
   .20000000E+01  .42725224E+00
KBPotential  L  =      4.00000    .00000
  -.20000000E+01  .22907595E+01
  -.19600000E+01  .22825050E+01
  -.19200000E+01  .22742254E+01
  -.18800000E+01  .22659205E+01
  -.18400000E+01  .22575900E+01
  -.18000000E+01  .22492338E+01
  -.17600000E+01  .22408517E+01
  -.17200000E+01  .22324434E+01
  -.16800000E+01  .22240087E+01
  -.16400000E+01  .22155474E+01
  -.16000000E+01  .22070593E+01
  -.15600000E+01  .21985442E+01
  -.15200000E+01  .21900017E+01
  -.14800000E+01  .21814318E+01
  -.14400000E+01  .21728341E+01
  -.14000000E+01  .21642084E+01
  -.13600000E+01  .21555545E+01
  -.13200000E+01  .21468721E+01
  -.12800000E+01  .21381609E+01
  -.12400000E+01  .21294208E+01
  -.12000000E+01  .21206515E+01
  -.11600000E+01  .21118527E+01
  -.11200000E+01  .21030241E+01
  -.10800000E+01  .20941655E+01
  -.10400000E+01  .20852766E+01
  -.10000000E+01  .20763572E+01
  -.96000000E+00  .20674069E+01
  -.92000000E+00  .20584255E+01
  -.88000000E+00  .20494127E+01
  -.84000000E+00  .20403682E+01
  -.80000000E+00  .20312918E+01
  -.76000000E+00  .20221830E+01
  -.72000000E+00  .20130417E+01
  -.68000000E+00  .20038675E+01
  -.64000000E+00  .19946601E+01
  -.60000000E+00  .19854192E+01
  -.56000000E+00  .19761445E+01
  -.52000000E+00  .19668357E+01
  -.48000000E+00  .19574923E+01
  -.44000000E+00  .19481142E+01
  -.40000000E+00  .19387009E+01
  -.36000000E+00  .19292521E+01
  -.32000000E+00  .19197676E+01
  -.28000000E+00  .19102468E+01
  -.24000000E+00  .19006895E+01
  -.20000000E+00  .18910953E+01
  -.16000000E+00  .18814638E+01
  -.12000000E+00  .18717947E+01
  -.80000000E-01  .18620875E+01
  -.40000000E-01  .18523420E+01
   .12351231E-14  .18425577E+01
   .40000000E-01  .18327341E+01
   .80000000E-01  .18228710E+01
   .12000000E+00  .18129679E+01
   .16000000E+00  .18030243E+01
   .20000000E+00  .17930400E+01
   .24000000E+00  .17830143E+01
   .28000000E+00  .17729470E+01
   .32000000E+00  .17628375E+01
   .36000000E+00  .17526854E+01
   .40000000E+00  .17424903E+01
   .44000000E+00  .17322516E+01
   .48000000E+00  .17219690E+01
   .52000000E+00  .17116419E+01
   .56000000E+00  .17012699E+01
   .60000000E+00  .16908524E+01
   .64000000E+00  .16803890E+01
   .68000000E+00  .16698792E+01
   .72000000E+00  .16593224E+01
   .76000000E+00  .16487180E+01
   .80000000E+00  .16380657E+01
   .84000000E+00  .16273647E+01
   .88000000E+00  .16166147E+01
   .92000000E+00  .16058149E+01
   .96000000E+00  .15949649E+01
   .10000000E+01  .15840640E+01
   .10400000E+01  .15731116E+01
   .10800000E+01  .15621073E+01
   .11200000E+01  .15510502E+01
   .11600000E+01  .15399399E+01
   .12000000E+01  .15287756E+01
   .12400000E+01  .15175568E+01
   .12800000E+01  .15062827E+01
   .13200000E+01  .14949527E+01
   .13600000E+01  .14835662E+01
   .14000000E+01  .14721224E+01
   .14400000E+01  .14606206E+01
   .14800000E+01  .14490601E+01
   .15200000E+01  .14374401E+01
   .15600000E+01  .14257600E+01
   .16000000E+01  .14140189E+01
   .16400000E+01  .14022161E+01
   .16800000E+01  .13903508E+01
   .17200000E+01  .13784222E+01
   .17600000E+01  .13664295E+01
   .18000000E+01  .13543718E+01
   .18400000E+01  .13422482E+01
   .18800000E+01  .13300580E+01
   .19200000E+01  .13178003E+01
   .19600000E+01  .13054740E+01
   .20000000E+01  .12930784E+01
