Ge: s2p2                                
  .333262464E-02  .337597537E-02  .341988909E-02  .346437309E-02  .350943476E-02
  .355508158E-02  .360132114E-02  .364816110E-02  .369560925E-02  .374367346E-02
  .379236170E-02  .384168207E-02  .389164274E-02  .394225201E-02  .399351827E-02
  .404545003E-02  .409805590E-02  .415134462E-02  .420532501E-02  .426000604E-02
  .431539678E-02  .437150640E-02  .442834421E-02  .448591964E-02  .454424223E-02
  .460332164E-02  .466316768E-02  .472379026E-02  .478519943E-02  .484740536E-02
  .491041837E-02  .497424888E-02  .503890748E-02  .510440487E-02  .517075191E-02
  .523795957E-02  .530603901E-02  .537500147E-02  .544485839E-02  .551562132E-02
  .558730199E-02  .565991224E-02  .573346412E-02  .580796977E-02  .588344154E-02
  .595989190E-02  .603733351E-02  .611577918E-02  .619524188E-02  .627573474E-02
  .635727109E-02  .643986441E-02  .652352834E-02  .660827672E-02  .669412356E-02
  .678108304E-02  .686916954E-02  .695839760E-02  .704878198E-02  .714033760E-02
  .723307959E-02  .732702325E-02  .742218412E-02  .751857789E-02  .761622049E-02
  .771512803E-02  .781531684E-02  .791680345E-02  .801960461E-02  .812373729E-02
  .822921866E-02  .833606612E-02  .844429730E-02  .855393005E-02  .866498244E-02
  .877747279E-02  .889141963E-02  .900684176E-02  .912375819E-02  .924218819E-02
  .936215127E-02  .948366721E-02  .960675601E-02  .973143795E-02  .985773356E-02
  .998566364E-02  .101152492E-01  .102465117E-01  .103794727E-01  .105141539E-01
  .106505777E-01  .107887665E-01  .109287429E-01  .110705300E-01  .112141512E-01
  .113596300E-01  .115069904E-01  .116562565E-01  .118074529E-01  .119606046E-01
  .121157365E-01  .122728742E-01  .124320436E-01  .125932707E-01  .127565820E-01
  .129220044E-01  .130895650E-01  .132592913E-01  .134312112E-01  .136053528E-01
  .137817447E-01  .139604159E-01  .141413956E-01  .143247136E-01  .145103999E-01
  .146984849E-01  .148889995E-01  .150819748E-01  .152774425E-01  .154754346E-01
  .156759836E-01  .158791222E-01  .160848837E-01  .162933018E-01  .165044106E-01
  .167182447E-01  .169348391E-01  .171542291E-01  .173764506E-01  .176015401E-01
  .178295342E-01  .180604703E-01  .182943860E-01  .185313197E-01  .187713099E-01
  .190143960E-01  .192606176E-01  .195100149E-01  .197626286E-01  .200184999E-01
  .202776706E-01  .205401830E-01  .208060798E-01  .210754045E-01  .213482010E-01
  .216245136E-01  .219043875E-01  .221878683E-01  .224750021E-01  .227658357E-01
  .230604164E-01  .233587922E-01  .236610117E-01  .239671241E-01  .242771791E-01
  .245912272E-01  .249093194E-01  .252315075E-01  .255578439E-01  .258883815E-01
  .262231741E-01  .265622760E-01  .269057424E-01  .272536290E-01  .276059923E-01
  .279628894E-01  .283243782E-01  .286905175E-01  .290613665E-01  .294369854E-01
  .298174351E-01  .302027772E-01  .305930741E-01  .309883892E-01  .313887863E-01
  .317943303E-01  .322050869E-01  .326211225E-01  .330425044E-01  .334693008E-01
  .339015806E-01  .343394137E-01  .347828710E-01  .352320239E-01  .356869452E-01
  .361477081E-01  .366143872E-01  .370870577E-01  .375657958E-01  .380506789E-01
  .385417850E-01  .390391933E-01  .395429840E-01  .400532383E-01  .405700384E-01
  .410934674E-01  .416236096E-01  .421605503E-01  .427043759E-01  .432551739E-01
  .438130327E-01  .443780422E-01  .449502930E-01  .455298771E-01  .461168876E-01
  .467114186E-01  .473135657E-01  .479234253E-01  .485410953E-01  .491666748E-01
  .498002640E-01  .504419644E-01  .510918788E-01  .517501112E-01  .524167671E-01
  .530919531E-01  .537757772E-01  .544683488E-01  .551697785E-01  .558801784E-01
  .565996621E-01  .573283444E-01  .580663417E-01  .588137717E-01  .595707536E-01
  .603374081E-01  .611138575E-01  .619002255E-01  .626966373E-01  .635032198E-01
  .643201013E-01  .651474118E-01  .659852829E-01  .668338479E-01  .676932415E-01
  .685636004E-01  .694450626E-01  .703377683E-01  .712418589E-01  .721574780E-01
  .730847708E-01  .740238841E-01  .749749668E-01  .759381695E-01  .769136447E-01
  .779015468E-01  .789020320E-01  .799152584E-01  .809413863E-01  .819805778E-01
  .830329969E-01  .840988097E-01  .851781844E-01  .862712913E-01  .873783026E-01
  .884993928E-01  .896347385E-01  .907845183E-01  .919489132E-01  .931281064E-01
  .943222832E-01  .955316313E-01  .967563406E-01  .979966035E-01  .992526144E-01
  .100524571E+00  .101812671E+00  .103117118E+00  .104438116E+00  .105775871E+00
  .107130593E+00  .108502494E+00  .109891788E+00  .111298692E+00  .112723426E+00
  .114166212E+00  .115627275E+00  .117106844E+00  .118605148E+00  .120122421E+00
  .121658900E+00  .123214823E+00  .124790432E+00  .126385972E+00  .128001692E+00
  .129637841E+00  .131294674E+00  .132972448E+00  .134671422E+00  .136391861E+00
  .138134030E+00  .139898198E+00  .141684640E+00  .143493630E+00  .145325448E+00
  .147180378E+00  .149058704E+00  .150960718E+00  .152886712E+00  .154836982E+00
  .156811829E+00  .158811556E+00  .160836472E+00  .162886886E+00  .164963114E+00
  .167065475E+00  .169194291E+00  .171349887E+00  .173532595E+00  .175742748E+00
  .177980684E+00  .180246745E+00  .182541278E+00  .184864633E+00  .187217163E+00
  .189599229E+00  .192011192E+00  .194453419E+00  .196926283E+00  .199430159E+00
  .201965428E+00  .204532473E+00  .207131686E+00  .209763459E+00  .212428192E+00
  .215126288E+00  .217858154E+00  .220624205E+00  .223424856E+00  .226260532E+00
  .229131660E+00  .232038672E+00  .234982007E+00  .237962106E+00  .240979418E+00
  .244034397E+00  .247127501E+00  .250259193E+00  .253429944E+00  .256640227E+00
  .259890524E+00  .263181319E+00  .266513106E+00  .269886380E+00  .273301645E+00
  .276759411E+00  .280260190E+00  .283804505E+00  .287392883E+00  .291025855E+00
  .294703961E+00  .298427746E+00  .302197761E+00  .306014565E+00  .309878722E+00
  .313790802E+00  .317751382E+00  .321761047E+00  .325820387E+00  .329929999E+00
  .334090487E+00  .338302463E+00  .342566545E+00  .346883357E+00  .351253531E+00
  .355677708E+00  .360156534E+00  .364690662E+00  .369280754E+00  .373927479E+00
  .378631513E+00  .383393540E+00  .388214252E+00  .393094349E+00  .398034538E+00
  .403035535E+00  .408098062E+00  .413222852E+00  .418410643E+00  .423662185E+00
  .428978234E+00  .434359553E+00  .439806917E+00  .445321108E+00  .450902916E+00
  .456553141E+00  .462272590E+00  .468062082E+00  .473922442E+00  .479854506E+00
  .485859118E+00  .491937133E+00  .498089414E+00  .504316833E+00  .510620273E+00
  .517000627E+00  .523458795E+00  .529995690E+00  .536612233E+00  .543309356E+00
  .550088000E+00  .556949119E+00  .563893673E+00  .570922637E+00  .578036993E+00
  .585237735E+00  .592525868E+00  .599902407E+00  .607368379E+00  .614924820E+00
  .622572781E+00  .630313320E+00  .638147508E+00  .646076428E+00  .654101174E+00
  .662222851E+00  .670442576E+00  .678761480E+00  .687180702E+00  .695701397E+00
  .704324728E+00  .713051875E+00  .721884026E+00  .730822384E+00  .739868164E+00
  .749022594E+00  .758286913E+00  .767662375E+00  .777150247E+00  .786751807E+00
  .796468349E+00  .806301177E+00  .816251613E+00  .826320987E+00  .836510648E+00
  .846821955E+00  .857256282E+00  .867815018E+00  .878499565E+00  .889311340E+00
  .900251773E+00  .911322310E+00  .922524410E+00  .933859548E+00  .945329215E+00
  .956934912E+00  .968678161E+00  .980560495E+00  .992583463E+00  .100474863E+01
  .101705758E+01  .102951190E+01  .104211322E+01  .105486314E+01  .106776333E+01
  .108081544E+01  .109402113E+01  .110738212E+01  .112090009E+01  .113457679E+01
  .114841394E+01  .116241332E+01  .117657668E+01  .119090583E+01  .120540257E+01
  .122006873E+01  .123490615E+01  .124991670E+01  .126510224E+01  .128046468E+01
  .129600593E+01  .131172793E+01  .132763261E+01  .134372195E+01  .135999793E+01
  .137646255E+01  .139311785E+01  .140996585E+01  .142700861E+01  .144424823E+01
  .146168678E+01  .147932639E+01  .149716918E+01  .151521732E+01  .153347297E+01
  .155193833E+01  .157061561E+01  .158950704E+01  .160861486E+01  .162794134E+01
  .164748879E+01  .166725949E+01  .168725579E+01  .170748003E+01  .172793458E+01
  .174862183E+01  .176954419E+01  .179070409E+01  .181210397E+01  .183374632E+01
  .185563361E+01  .187776835E+01  .190015309E+01  .192279038E+01  .194568278E+01
  .196883289E+01  .199224333E+01  .201591673E+01  .203985575E+01  .206406306E+01
  .208854137E+01  .211329340E+01  .213832189E+01  .216362959E+01  .218921930E+01
  .221509382E+01  .224125598E+01  .226770861E+01  .229445460E+01  .232149683E+01
  .234883822E+01  .237648169E+01  .240443021E+01  .243268674E+01  .246125429E+01
  .249013587E+01  .251933453E+01  .254885332E+01  .257869533E+01  .260886367E+01
  .263936145E+01  .267019183E+01  .270135797E+01  .273286307E+01  .276471033E+01
  .279690298E+01  .282944428E+01  .286233750E+01  .289558593E+01  .292919290E+01
  .296316172E+01  .299749577E+01  .303219842E+01  .306727307E+01  .310272313E+01
  .313855204E+01  .317476327E+01  .321136028E+01  .324834658E+01  .328572568E+01
  .332350113E+01  .336167648E+01  .340025530E+01  .343924119E+01  .347863776E+01
  .351844865E+01  .355867751E+01  .359932801E+01  .364040383E+01  .368190868E+01
  .372384629E+01  .376622039E+01  .380903474E+01  .385229312E+01  .389599932E+01
  .394015714E+01  .398477042E+01  .402984298E+01  .407537869E+01  .412138141E+01
  .416785504E+01  .421480346E+01  .426223060E+01  .431014038E+01  .435853675E+01
  .440742365E+01  .445680505E+01  .450668494E+01  .455706730E+01  .460795614E+01
  .465935547E+01  .471126931E+01  .476370170E+01  .481665668E+01  .487013831E+01
  .492415064E+01  .497869775E+01  .503378370E+01  .508941259E+01  .514558851E+01
  .520231555E+01  .525959780E+01  .531743939E+01  .537584442E+01  .543481700E+01
  .549436124E+01  .555448128E+01  .561518121E+01  .567646518E+01  .573833729E+01
  .580080167E+01  .586386243E+01  .592752368E+01  .599178956E+01  .605666415E+01
  .612215157E+01  .618825591E+01  .625498127E+01  .632233173E+01  .639031137E+01
  .645892426E+01  .652817445E+01  .659806599E+01  .666860293E+01  .673978927E+01
  .681162903E+01  .688412621E+01  .695728478E+01  .703110870E+01  .710560192E+01
  .718076836E+01  .725661192E+01  .733313649E+01  .741034592E+01  .748824406E+01
  .756683471E+01  .764612166E+01  .772610866E+01  .780679945E+01  .788819772E+01
  .797030715E+01  .805313136E+01  .813667396E+01  .822093852E+01  .830592855E+01
  .839164756E+01  .847809899E+01  .856528625E+01  .865321272E+01  .874188170E+01
  .883129649E+01  .892146031E+01  .901237633E+01  .910404770E+01  .919647749E+01
  .928966873E+01  .938362438E+01  .947834735E+01  .957384051E+01  .967010663E+01
  .976714846E+01  .986496866E+01  .996356982E+01  .100629545E+02  .101631251E+02
  .102640841E+02  .103658337E+02  .104683762E+02  .105717138E+02  .106758486E+02
  .107807825E+02  .108865175E+02  .109930554E+02  .111003980E+02  .112085468E+02
  .113175035E+02  .114272696E+02  .115378463E+02  .116492351E+02  .117614370E+02
  .118744531E+02  .119882844E+02  .121029317E+02  .122183959E+02  .123346774E+02
  .124517769E+02  .125696947E+02  .126884312E+02  .128079864E+02  .129283605E+02
  .130495533E+02  .131715646E+02  .132943940E+02  .134180412E+02  .135425053E+02
  .136677858E+02  .137938816E+02  .139207918E+02  .140485151E+02  .141770502E+02
  .143063955E+02  .144365495E+02  .145675104E+02  .146992760E+02  .148318444E+02
  .149652133E+02  .150993800E+02  .152343421E+02  .153700966E+02  .155066407E+02
  .156439711E+02  .157820845E+02  .159209773E+02  .160606459E+02  .162010862E+02
  .163422943E+02  .164842657E+02  .166269961E+02  .167704807E+02  .169147145E+02
  .170596925E+02  .172054094E+02  .173518596E+02  .174990374E+02  .176469368E+02
  .177955516E+02  .179448754E+02  .180949016E+02  .182456233E+02  .183970334E+02
  .185491246E+02  .187018894E+02  .188553199E+02  .190094081E+02  .191641457E+02
  .193195241E+02  .194755347E+02  .196321683E+02  .197894157E+02  .199472673E+02
  .201057134E+02  .202647438E+02  .204243483E+02  .205845163E+02  .207452369E+02
  .209064989E+02  .210682911E+02  .212306017E+02  .213934189E+02  .215567302E+02
  .217205234E+02  .218847856E+02  .220495037E+02  .222146644E+02  .223802540E+02
  .225462587E+02  .227126643E+02  .228794561E+02  .230466196E+02  .232141395E+02
  .233820005E+02  .235501869E+02  .237186828E+02  .238874719E+02  .240565376E+02
  .242258631E+02  .243954312E+02  .245652245E+02  .247352253E+02  .249054154E+02
  .250757765E+02  .252462899E+02  .254169368E+02  .255876978E+02  .257585534E+02
  .259294837E+02  .261004686E+02  .262714877E+02  .264425201E+02  .266135449E+02
  .267845408E+02  .269554859E+02  .271263586E+02  .272971365E+02  .274677972E+02
  .276383178E+02  .278086753E+02  .279788463E+02  .281488072E+02  .283185342E+02
  .284880029E+02  .286571889E+02  .288260675E+02  .289946138E+02  .291628024E+02
  .293306078E+02  .294980043E+02  .296649658E+02  .298314662E+02  .299974787E+02
  .301629768E+02  .303279334E+02  .304923214E+02  .306561133E+02  .308192814E+02
  .309817979E+02  .311436347E+02  .313047636E+02  .314651562E+02  .316247837E+02
  .317836174E+02  .319416282E+02  .320987871E+02  .322550647E+02  .324104315E+02
  .325648580E+02  .327183143E+02  .328707707E+02  .330221972E+02  .331725637E+02
  .333218400E+02  .334699959E+02  .336170009E+02  .337628247E+02  .339074369E+02
  .340508068E+02  .341929041E+02  .343336979E+02  .344731579E+02  .346112534E+02
  .347479537E+02  .348832284E+02  .350170469E+02  .351493788E+02  .352801935E+02
  .354094609E+02  .355371505E+02  .356632323E+02  .357876761E+02  .359104522E+02
  .360315306E+02  .361508818E+02  .362684763E+02  .363842849E+02  .364982785E+02
  .366104282E+02  .367207055E+02  .368290820E+02  .369355295E+02  .370400204E+02
  .371425270E+02  .372430222E+02  .373414792E+02  .374378713E+02  .375321725E+02
  .376243571E+02  .377143995E+02  .378022750E+02  .378879591E+02  .379714276E+02
  .380526571E+02  .381316245E+02  .382083072E+02  .382826832E+02  .383547311E+02
  .384244300E+02  .384917596E+02  .385567001E+02  .386192326E+02  .386793386E+02
  .387370004E+02  .387922010E+02  .388449239E+02  .388951536E+02  .389428752E+02
  .389880746E+02  .390307385E+02  .390708544E+02  .391084106E+02  .391433963E+02
  .391758015E+02  .392056170E+02  .392328348E+02  .392574476E+02  .392794491E+02
  .392988338E+02  .393155975E+02  .393297367E+02  .393412491E+02  .393501334E+02
  .393563893E+02  .393600176E+02  .393610201E+02  .393594000E+02  .393551612E+02
  .393483091E+02  .393388500E+02  .393267916E+02  .393121426E+02  .392949129E+02
  .392751138E+02  .392527577E+02  .392278581E+02  .392004301E+02  .391704899E+02
  .391380548E+02  .391031437E+02  .390657765E+02  .390259748E+02  .389837611E+02
  .389391595E+02  .388921955E+02  .388428957E+02  .387912882E+02  .387374024E+02
  .386812693E+02  .386229209E+02  .385623909E+02  .384997143E+02  .384349273E+02
  .383680677E+02  .382991746E+02  .382282885E+02  .381554513E+02  .380807063E+02
  .380040981E+02  .379256728E+02  .378454778E+02  .377635619E+02  .376799751E+02
  .375947690E+02  .375079964E+02  .374197114E+02  .373299696E+02  .372388278E+02
  .371463440E+02  .370525776E+02  .369575892E+02  .368614407E+02  .367641953E+02
  .366659172E+02  .365666720E+02  .364665264E+02  .363655482E+02  .362638063E+02
  .361613708E+02  .360583129E+02  .359547046E+02  .358506191E+02  .357461306E+02
  .356413143E+02  .355362460E+02  .354310027E+02  .353256622E+02  .352203030E+02
  .351150044E+02  .350098464E+02  .349049098E+02  .348002761E+02  .346960271E+02
  .345922454E+02  .344890141E+02  .343864167E+02  .342845372E+02  .341834599E+02
  .340832693E+02  .339840504E+02  .338858883E+02  .337888683E+02  .336930756E+02
  .335985958E+02  .335055142E+02  .334139161E+02  .333238867E+02  .332355110E+02
  .331488738E+02  .330640595E+02  .329811522E+02  .329002353E+02  .328213922E+02
  .327447051E+02  .326702562E+02  .325981264E+02  .325283962E+02  .324611452E+02
  .323964519E+02  .323343940E+02  .322750482E+02  .322184898E+02  .321647932E+02
  .321140313E+02  .320662757E+02  .320215969E+02  .319800634E+02  .319417425E+02
  .319066997E+02  .318749991E+02  .318467026E+02  .318218705E+02  .318005611E+02
  .317828309E+02  .317687341E+02  .317583229E+02  .317516473E+02  .317487549E+02
  .317496912E+02  .317544991E+02  .317632191E+02  .317758892E+02  .317925446E+02
  .318132182E+02  .318379398E+02  .318667366E+02  .318996330E+02  .319366503E+02
  .319778069E+02  .320231182E+02  .320725966E+02  .321262512E+02  .321840880E+02
  .322461098E+02  .323123160E+02  .323827027E+02  .324572628E+02  .325359854E+02
  .326188567E+02  .327058588E+02  .327969708E+02  .328921678E+02  .329914217E+02
  .330947005E+02  .332019686E+02  .333131870E+02  .334283126E+02  .335472989E+02
  .336700957E+02  .337966490E+02  .339269009E+02  .340607902E+02  .341982515E+02
  .343392161E+02  .344836113E+02  .346313608E+02  .347823846E+02  .349365990E+02
  .350939167E+02  .352542469E+02  .354174949E+02  .355835626E+02  .357523485E+02
  .359237474E+02  .360976507E+02  .362739466E+02  .364525198E+02  .366332517E+02
  .368160205E+02  .370007013E+02  .371871661E+02  .373752837E+02  .375649203E+02
  .377559389E+02  .379481999E+02  .381415610E+02  .383358772E+02  .385310011E+02
  .387267828E+02  .389230702E+02  .391197088E+02  .393165423E+02  .395134121E+02
  .397101580E+02  .399066179E+02  .401026281E+02  .402980235E+02  .404926375E+02
  .406863024E+02  .408788492E+02  .410701081E+02  .412599085E+02  .414480790E+02
  .416344478E+02  .418188427E+02  .420010912E+02  .421810207E+02  .423584588E+02
  .425332333E+02  .427051725E+02  .428741050E+02  .430398603E+02  .432022690E+02
  .433611623E+02  .435163731E+02  .436677354E+02  .438150848E+02  .439582587E+02
  .440970965E+02  .442314394E+02  .443611313E+02  .444860181E+02  .446059485E+02
  .447207738E+02  .448303486E+02  .449345302E+02  .450331794E+02  .451261603E+02
  .452133408E+02  .452945924E+02  .453697907E+02  .454388151E+02  .455015495E+02
  .455578823E+02  .456077060E+02  .456509184E+02  .456874217E+02  .457171234E+02
  .457399358E+02  .457557769E+02  .457645697E+02  .457662430E+02  .457607313E+02
  .457479746E+02  .457279191E+02  .457005168E+02  .456657259E+02  .456235108E+02
  .455738422E+02  .455166972E+02  .454520593E+02  .453799188E+02  .453002722E+02
  .452131232E+02  .451184817E+02  .450163649E+02  .449067965E+02  .447898073E+02
  .446654347E+02  .445337234E+02  .443947248E+02  .442484973E+02  .440951063E+02
  .439346241E+02  .437671299E+02  .435927098E+02  .434114570E+02  .432234712E+02
  .430288590E+02  .428277339E+02  .426202158E+02  .424064313E+02  .421865135E+02
  .419606021E+02  .417288428E+02  .414913877E+02  .412483950E+02  .410000289E+02
  .407464594E+02  .404878623E+02  .402244187E+02  .399563154E+02  .396837444E+02
  .394069027E+02  .391259922E+02  .388412196E+02  .385527961E+02  .382609371E+02
  .379658622E+02  .376677950E+02  .373669627E+02  .370635959E+02  .367579285E+02
  .364501974E+02  .361406422E+02  .358295049E+02  .355170300E+02  .352034638E+02
  .348890542E+02  .345740507E+02  .342587041E+02  .339432657E+02  .336279879E+02
  .333131230E+02  .329989236E+02  .326856420E+02  .323735299E+02  .320628384E+02
  .317538172E+02  .314467148E+02  .311417779E+02  .308392512E+02  .305393773E+02
  .302423961E+02  .299485445E+02  .296580564E+02  .293711623E+02  .290880890E+02
  .288090591E+02  .285342911E+02  .282639990E+02  .279983918E+02  .277376734E+02
  .274820427E+02  .272316927E+02  .269868106E+02  .267475775E+02  .265141683E+02
  .262867514E+02  .260654882E+02  .258505333E+02  .256420342E+02  .254401307E+02
  .252449554E+02  .250566330E+02  .248752802E+02  .247010059E+02  .245339104E+02
  .243740860E+02  .242216164E+02  .240765765E+02  .239390328E+02  .238090426E+02
  .236866548E+02  .235719088E+02  .234648353E+02  .233654558E+02  .232737825E+02
  .231898187E+02  .231135583E+02  .230449860E+02  .229840773E+02  .229307985E+02
  .228851069E+02  .228469503E+02  .228162678E+02  .227929891E+02  .227770351E+02
  .227683180E+02  .227667410E+02  .227721985E+02  .227845768E+02  .228037532E+02
  .228295973E+02  .228619701E+02  .229007250E+02  .229457074E+02  .229967554E+02
  .230536993E+02  .231163628E+02  .231845621E+02  .232581074E+02  .233368019E+02
  .234204431E+02  .235088226E+02  .236017264E+02  .236989356E+02  .238002262E+02
  .239053699E+02  .240141342E+02  .241262830E+02  .242415764E+02  .243597716E+02
  .244806230E+02  .246038827E+02  .247293004E+02  .248566241E+02  .249856006E+02
  .251159753E+02  .252474928E+02  .253798974E+02  .255129332E+02  .256463444E+02
  .257798758E+02  .259132730E+02  .260462827E+02  .261786533E+02  .263101347E+02
  .264404791E+02  .265694410E+02  .266967779E+02  .268222500E+02  .269456210E+02
  .270666581E+02  .271851324E+02  .273008194E+02  .274134987E+02  .275229548E+02
  .276289771E+02  .277313602E+02  .278299043E+02  .279244149E+02  .280147038E+02
  .281005888E+02  .281818938E+02  .282584495E+02  .283300933E+02  .283966692E+02
  .284580285E+02  .285140295E+02  .285645380E+02  .286094271E+02  .286485775E+02
  .286818776E+02  .287092235E+02  .287305190E+02  .287456759E+02  .287546138E+02
  .287572603E+02  .287535510E+02  .287434293E+02  .287268467E+02  .287037626E+02
  .286741442E+02  .286379667E+02  .285952130E+02  .285458739E+02  .284899475E+02
  .284274400E+02  .283583647E+02  .282827424E+02  .282006011E+02  .281119762E+02
  .280169098E+02  .279154510E+02  .278076557E+02  .276935862E+02  .275733114E+02
  .274469062E+02  .273144517E+02  .271760350E+02  .270317487E+02  .268816908E+02
  .267259649E+02  .265646794E+02  .263979477E+02  .262258879E+02  .260486226E+02
  .258662784E+02  .256789863E+02  .254868806E+02  .252900995E+02  .250887846E+02
  .248830805E+02  .246731346E+02  .244590970E+02  .242411204E+02  .240193597E+02
  .237939714E+02  .235651143E+02  .233329484E+02  .230976351E+02  .228593370E+02
  .226182173E+02  .223744402E+02  .221281703E+02  .218795722E+02  .216288109E+02
  .213760510E+02  .211214568E+02  .208651922E+02  .206074202E+02  .203483030E+02
  .200880018E+02  .198266763E+02  .195644851E+02  .193015850E+02  .190381310E+02
  .187742765E+02  .185101726E+02  .182459684E+02  .179818106E+02  .177178435E+02
  .174542089E+02  .171910458E+02  .169284905E+02  .166666766E+02  .164057344E+02
  .161457913E+02  .158869716E+02  .156293963E+02  .153731830E+02  .151184461E+02
  .148652966E+02  .146138417E+02  .143641855E+02  .141164281E+02  .138706664E+02
  .136269932E+02  .133854980E+02  .131462664E+02  .129093805E+02  .126749183E+02
  .124429545E+02  .122135597E+02  .119868011E+02  .117627420E+02  .115414420E+02
  .113229571E+02  .111073396E+02  .108946381E+02  .106848978E+02  .104781600E+02
  .102744629E+02  .100738408E+02  .987632496E+01  .968194285E+01  .949071890E+01
  .930267408E+01  .911782630E+01  .893619012E+01  .875777719E+01  .858259595E+01
  .841065202E+01  .824194799E+01  .807648378E+01  .791425639E+01  .775526030E+01
  .759948725E+01  .744692659E+01  .729756509E+01  .715138732E+01  .700837539E+01
  .686850938E+01  .673176710E+01  .659812446E+01  .646755528E+01  .634003166E+01
  .621552375E+01  .609400017E+01  .597542774E+01  .585977191E+01  .574699651E+01
  .563706416E+01  .552993602E+01  .542557217E+01  .532393146E+01  .522497175E+01
  .512864983E+01  .503492171E+01  .494374241E+01  .485506636E+01  .476884714E+01
  .468503786E+01  .460359091E+01  .452445832E+01  .444759167E+01  .437294206E+01
  .430046063E+01  .423009785E+01  .416180448E+01  .409553072E+01  .403122717E+01
  .396884397E+01  .390833176E+01  .384964083E+01  .379272209E+01  .373752614E+01
  .368400433E+01  .363210779E+01  .358178848E+01  .353299819E+01  .348568967E+01
  .343981552E+01  .339532942E+01  .335218492E+01  .331033675E+01  .326973956E+01
  .323034922E+01  .319212160E+01  .315501384E+01  .311898310E+01  .308398790E+01
  .304998678E+01  .301693969E+01  .298480667E+01  .295354918E+01  .292312879E+01
  .289350854E+01  .286465160E+01  .283652263E+01  .280908644E+01  .278230937E+01
  .275615790E+01  .273060009E+01  .270560409E+01  .268113971E+01  .265717683E+01
  .263368698E+01  .261064182E+01  .258801445E+01  .256577848E+01  .254390864E+01
  .252238028E+01  .250116989E+01  .248025448E+01  .245961228E+01  .243922199E+01
  .241906351E+01  .239911721E+01  .237936465E+01  .235978781E+01  .234036988E+01
  .232109445E+01  .230194625E+01  .228291043E+01  .226397327E+01  .224512139E+01
  .222634257E+01  .220762486E+01  .218895748E+01  .217032987E+01  .215173262E+01
  .213315651E+01  .211459344E+01  .209603547E+01  .207747575E+01  .205890754E+01
  .204032520E+01  .202172313E+01  .200309681E+01  .198444175E+01  .196575447E+01
  .194703151E+01  .192827039E+01  .190946861E+01  .189062461E+01  .187173679E+01
  .185280446E+01  .183382683E+01  .181480403E+01  .179573602E+01  .177662368E+01
  .175746766E+01  .173826952E+01  .171903055E+01  .169975291E+01  .168043846E+01
  .166108993E+01  .164170969E+01  .162230095E+01  .160286656E+01  .158341014E+01
  .156393495E+01  .154444499E+01  .152494386E+01  .150543590E+01  .148592499E+01
  .146641574E+01  .144691228E+01  .142741945E+01  .140794157E+01  .138848365E+01
  .136905020E+01  .134964624E+01  .133027653E+01  .131094611E+01  .129165982E+01
  .127242276E+01  .125323977E+01  .123411599E+01  .121505625E+01  .119606566E+01
  .117714900E+01  .115831134E+01  .113955739E+01  .112089213E+01  .110232018E+01
  .108384641E+01  .106547530E+01  .104721160E+01  .102905964E+01  .101102401E+01
  .993108886E+00  .975318668E+00  .957657342E+00  .940129128E+00  .922737807E+00
  .905487385E+00  .888381430E+00  .871423729E+00  .854617618E+00  .837966653E+00
  .821473932E+00  .805142770E+00  .788976019E+00  .772976742E+00  .757147540E+00
  .741491224E+00  .726010136E+00  .710706827E+00  .695583377E+00  .680642082E+00
  .665884755E+00  .651313428E+00  .636929655E+00  .622735206E+00  .608731371E+00
  .594919659E+00  .581301102E+00  .567876951E+00  .554647980E+00  .541615186E+00
  .528779090E+00  .516140440E+00  .503699511E+00  .491456805E+00  .479412356E+00
  .467566430E+00  .455918827E+00  .444469580E+00  .433218263E+00  .422164691E+00
  .411308219E+00  .400648445E+00  .390184518E+00  .379915834E+00  .369841343E+00
  .359960244E+00  .350271301E+00  .340773533E+00  .331465525E+00  .322346121E+00
  .313413744E+00  .304667037E+00  .296104393E+00  .287724180E+00  .279524692E+00
  .271504161E+00  .263660752E+00  .255992572E+00  .248497671E+00  .241174043E+00
  .234019633E+00  .227032338E+00  .220210008E+00  .213550455E+00  .207051450E+00
  .200710728E+00  .194525993E+00  .188494918E+00  .182615150E+00  .176884313E+00
  .171300007E+00  .165859816E+00  .160561308E+00  .155402037E+00  .150379548E+00
  .145491378E+00  .140735056E+00  .136108112E+00  .131608072E+00  .127232465E+00
  .122978823E+00  .118844684E+00  .114827594E+00  .110925109E+00  .107134796E+00
  .103454234E+00  .998810215E-01  .964127689E-01  .930471073E-01  .897816873E-01
  .866141804E-01  .835422809E-01  .805637067E-01  .776762007E-01  .748775322E-01
  .721654972E-01  .695379201E-01  .669926543E-01  .645275831E-01  .621406204E-01
  .598297115E-01  .575928339E-01  .554279977E-01  .533332459E-01  .513066557E-01
  .493463381E-01  .474504387E-01  .456171380E-01  .438446517E-01  .421312309E-01
  .404751623E-01  .388747686E-01  .373284085E-01  .358344766E-01  .343914040E-01
  .329976581E-01  .316517426E-01  .303521977E-01  .290976003E-01  .278865634E-01
  .267177370E-01  .255898077E-01  .245014984E-01  .234515692E-01  .224388164E-01
  .214620736E-01  .205202108E-01  .196121350E-01  .187367897E-01  .178931552E-01
  .170802485E-01  .162971225E-01  .155428660E-01  .148166034E-01  .141174934E-01
  .134447285E-01  .127975336E-01  .121751648E-01  .115769076E-01  .110020751E-01
  .104500055E-01  .992006055E-02  .941162230E-02  .892409121E-02  .845688343E-02
  .800942848E-02  .758116702E-02  .717154882E-02  .678003102E-02  .640607666E-02
  .604915355E-02  .570873341E-02  .538429137E-02  .507530572E-02  .478125792E-02
  .450163286E-02  .423591929E-02  .398361032E-02  .374420418E-02  .351720491E-02
  .330212316E-02  .309847699E-02  .290579262E-02  .272360522E-02  .255145962E-02
  .238891089E-02  .223552501E-02  .209087931E-02  .195456290E-02  .182617710E-02
  .170533563E-02  .159166488E-02  .148480405E-02  .138440518E-02  .129013323E-02
  .120166600E-02  .111869405E-02  .104092058E-02  .968061243E-03  .899843940E-03
  .836008588E-03  .776306844E-03  .720501828E-03  .668367809E-03  .619689891E-03
  .574263678E-03  .531894935E-03  .492399244E-03  .455601650E-03  .421336313E-03
  .389446156E-03  .359782518E-03  .332204808E-03  .306580161E-03  .282783111E-03
  .260695256E-03  .240204940E-03  .221206939E-03  .203602159E-03  .187297341E-03
  .172204769E-03  .158242003E-03  .145331602E-03  .133400874E-03  .122381622E-03
  .112209912E-03  .102825839E-03  .941733091E-04  .861998307E-04  .788563124E-04
  .720968709E-04  .658786483E-04  .601616363E-04  .549085104E-04  .500844711E-04
  .456570927E-04  .415961803E-04  .378736339E-04  .344633187E-04  .313409432E-04
  .284839434E-04  .258713725E-04  .234837979E-04  .213032027E-04  .193128934E-04
  .174974122E-04  .158424554E-04  .143347951E-04  .129622065E-04  .117133992E-04
  .105779526E-04  .954625545E-05  .860944838E-05  .775937099E-05  .698851158E-05
  .628996030E-05  .565736521E-05  .508489129E-05  .456718205E-05  .409932367E-05
  .367681163E-05  .329551949E-05  .295166975E-05  .264180713E-05  .236277267E-05
  .211168136E-05  .188589919E-05  .168302421E-05  .150086688E-05  .133743331E-05
  .119090872E-05  .105964274E-05  .942135679E-06  .837025785E-06  .743077481E-06
  .659170329E-06  .584291045E-06  .517515671E-06  .458027376E-06  .405053393E-06
  .357933326E-06  .316034831E-06  .278810062E-06  .245765162E-06  .216455323E-06
  .190480254E-06  .167480036E-06  .147131328E-06  .129143901E-06  .113257476E-06
  .992388364E-07  .868791996E-07  .759918222E-07  .664098230E-07  .579842043E-07
  .505820555E-07  .440849241E-07  .383873393E-07  .333954759E-07  .290259451E-07
  .252047035E-07  .218660664E-07  .189518198E-07  .164104194E-07  .141962698E-07
  .122690770E-07  .105932660E-07  .913745897E-08  .787400693E-08  .677857073E-08
  .582974598E-08  .500872797E-08  .429901247E-08  .368612892E-08  .315740275E-08
  .270174377E-08  .230945814E-08  .197208131E-08  .168222983E-08  .143347001E-08
  .122020169E-08  .103755542E-08  .881301611E-09  .747770457E-09  .633781254E-09
  .536580235E-09  .453785877E-09  .383340853E-09  .323469875E-09  .272642741E-09
  .229541988E-09  .193034594E-09  .162147275E-09  .136044919E-09  .114011801E-09
  .954352268E-10  .797913170E-10  .666326595E-10  .555776014E-10  .463009724E-10
  .385260588E-10  .320176675E-10  .265761386E-10  .220321856E-10  .182424512E-10
  .150856870E-10  .124594718E-10  .102773970E-10  .846665580E-11  .696597988E-11
  .572387735E-11  .469712848E-11  .384950400E-11  .315067422E-11  .257528180E-11
  .210215470E-11  .171363901E-11  .139503410E-11  .113411518E-11  .920730182E-12
  .746459854E-12  .604331666E-12  .488579229E-12  .394440325E-12  .317987575E-12
  .255986687E-12  .205777941E-12  .165177259E-12  .132393743E-12  .105961029E-12
  .846802417E-13  .675726421E-13  .538403969E-13  .428341119E-13  .340260108E-13
  .269878085E-13  .213724866E-13  .168993047E-13  .133414933E-13  .105161631E-13
  .827604535E-14  .650274114E-14  .510121322E-14  .399529831E-14  .312405707E-14
  .243881004E-14  .190073460E-14  .147891996E-14  .114879545E-14  .890862567E-15
  .689673886E-15  .533011994E-15  .411230520E-15  .316726098E-15  .243515986E-15
  .186900795E-15  .143195629E-15  .109516151E-15  .836086505E-16  .637152915E-16
  .484674657E-16  .368015277E-16  .278923413E-16  .211009657E-16  .159335500E-16
  .120090927E-16  .903420255E-17  .678337670E-17  .508361909E-17  .380246704E-17
  .283868824E-17  .211506678E-17  .157281967E-17  .116728399E-17  .864591801E-18
  .639111884E-18  .471485164E-18  .347119214E-18  .255036795E-18  .186996999E-18
  .136825812E-18  .999072449E-19  .727973193E-19  .529318527E-19  .384057189E-19
  .278064487E-19  .200890607E-19  .144821078E-19  .104173059E-19  .747693964E-20
  .535464009E-20  .382619899E-20  .272789882E-20  .194045930E-20  .137717113E-20
  .975144588E-21  .688869956E-21  .485489902E-21  .341336637E-21  .239401371E-21
  .167489356E-21  .116877929E-21  .813427237E-22  .564527126E-22  .390610953E-22
  .269384994E-22  .185093602E-22  .126629142E-22  .861802535E-23  .582674967E-23
  .390571305E-23  .258740638E-23  .168571400E-23  .107158755E-23  .655944106E-24
  .377697848E-24  .195471859E-24  .818813443E-25  .197937124E-25  .184430602E-29
