1 20 0.0185602
2 20 0.0144574
3 20 0.0165116
4 20 0.0203311
5 20 0.0179476
6 20 0.0188294
7 20 0.0189188
8 20 0.0163582
9 20 0.0162818
10 20 0.018391
11 20 0.0184163
12 20 0.0138859
13 20 0.0172349
14 20 0.0174181
15 20 0.0189362
16 20 0.0151819
17 20 0.0150245
18 20 0.0158782
19 20 0.0214169
20 20 0.0176295
21 20 0.0196646
22 20 0.0212714
23 20 0.0171214
24 20 0.0154101
25 20 0.0174159
26 20 0.0162851
27 20 0.0168842
28 20 0.0174839
29 20 0.0155084
30 20 0.0135694
31 20 0.0132474
32 20 0.0140455
33 20 0.0171568
34 20 0.01468
35 20 0.014571
36 20 0.0176896
37 20 0.0146316
38 20 0.013987
39 20 0.0153241
40 20 0.0149554
41 20 0.0167308
42 20 0.013647
43 20 0.013892
44 20 0.0171506
45 20 0.0170573
46 20 0.015813
47 20 0.0178015
48 20 0.0166549
49 20 0.0177919
50 20 0.0170472
51 20 0.0168578
52 20 0.0150346
53 20 0.0174788
54 20 0.0155899
55 20 0.0146901
56 20 0.0143579
57 20 0.0147311
58 20 0.0156759
59 20 0.0138476
60 20 0.014136
61 20 0.0173209
62 20 0.0133772
63 20 0.0151689
64 20 0.013389
65 20 0.0148733
66 20 0.0208251
67 20 0.0168263
68 20 0.0155612
69 20 0.0154668
70 20 0.0139971
71 20 0.0157422
72 20 0.0147783
73 20 0.0174103
74 20 0.0156635
75 20 0.02004
76 20 0.0156883
77 20 0.0196719
78 20 0.0140028
79 20 0.0142973
80 20 0.0147098
81 20 0.0134166
82 20 0.0146401
83 20 0.0175322
84 20 0.0162503
85 20 0.01565
86 20 0.0154056
87 20 0.0151925
88 20 0.0163425
89 20 0.01782
90 20 0.0180583
91 20 0.0177413
92 20 0.0179616
93 20 0.0185208
94 20 0.0163121
95 20 0.0147671
96 20 0.0160648
97 20 0.0166162
98 20 0.0152532
99 20 0.012718
100 20 0.016098
101 20 0.0147373
102 20 0.0133199
103 20 0.0188867
104 20 0.0143017
105 20 0.0182651
106 20 0.0160564
107 20 0.0160614
108 20 0.0137144
109 20 0.0131277
110 20 0.0173575
111 20 0.0148919
112 20 0.0152308
113 20 0.0153151
114 20 0.0152291
115 20 0.0143096
116 20 0.0168033
117 20 0.0138027
118 20 0.0133384
119 20 0.0127697
120 20 0.0127837
121 20 0.0161885
122 20 0.0148492
123 20 0.0138133
124 20 0.0133418
125 20 0.0131479
126 20 0.0136436
127 20 0.0158366
128 20 0.0140219
129 20 0.0160316
130 20 0.018903
131 20 0.0158186
132 20 0.0139527
133 20 0.0163953
134 20 0.014037
135 20 0.0159277
136 20 0.0164863
137 20 0.013162
138 20 0.01685
139 20 0.0129636
140 20 0.0146744
141 20 0.0148087
142 20 0.013185
143 20 0.0129164
144 20 0.0151425
145 20 0.0131642
146 20 0.014028
147 20 0.0136723
148 20 0.0126651
149 20 0.0127292
150 20 0.0137341
151 20 0.0125893
152 20 0.0143343
153 20 0.0140988
154 20 0.0129816
155 20 0.0177638
156 20 0.0163779
157 20 0.0158214
158 20 0.0168432
159 20 0.0184815
160 20 0.0147682
161 20 0.0133918
162 20 0.013434
163 20 0.0143484
164 20 0.0136026
165 20 0.0156821
166 20 0.0157546
167 20 0.0140174
168 20 0.0130231
169 20 0.013298
170 20 0.0144805
171 20 0.0138797
172 20 0.0141084
173 20 0.0135132
174 20 0.0153769
175 20 0.0135616
176 20 0.0121627
177 20 0.0126078
178 20 0.0157107
179 20 0.0130327
180 20 0.0130125
181 20 0.0127427
182 20 0.0132395
183 20 0.0130524
184 20 0.0143512
185 20 0.0133694
186 20 0.0123347
187 20 0.0132024
188 20 0.0162497
189 20 0.0140758
190 20 0.0135627
191 20 0.0135076
192 20 0.0138915
193 20 0.0134913
194 20 0.0119283
195 20 0.0131631
196 20 0.0125432
197 20 0.0123622
198 20 0.0125544
199 20 0.0119244
200 20 0.0118159
201 20 0.0113045
202 20 0.01294
203 20 0.0121357
204 20 0.0122099
205 20 0.0121689
206 20 0.0154331
207 20 0.0138611
208 20 0.0137493
209 20 0.012895
210 20 0.0122768
211 20 0.0154387
212 20 0.0134098
213 20 0.0123358
214 20 0.0135812
215 20 0.0122425
216 20 0.012714
217 20 0.0130951
218 20 0.0152122
219 20 0.0118637
220 20 0.012872
221 20 0.0122166
222 20 0.0130799
223 20 0.0125966
224 20 0.0128866
225 20 0.0135919
226 20 0.0126831
227 20 0.0121273
228 20 0.0125741
229 20 0.013869
230 20 0.0137937
231 20 0.0151858
232 20 0.0136925
233 20 0.013543
234 20 0.0142287
235 20 0.0154618
236 20 0.0133025
237 20 0.0146435
238 20 0.0165206
239 20 0.0121357
240 20 0.0130979
241 20 0.0162716
242 20 0.0140606
243 20 0.012628
244 20 0.0153752
245 20 0.0128568
246 20 0.0117951
247 20 0.01222
248 20 0.0140072
249 20 0.0122892
250 20 0.0143366
251 20 0.0128725
252 20 0.0116839
253 20 0.0122723
254 20 0.0129209
255 20 0.0126443
256 20 0.0128961
257 20 0.0145485
258 20 0.0142068
259 20 0.0129456
260 20 0.0127022
261 20 0.0126781
262 20 0.0131507
263 20 0.0129844
264 20 0.0120205
265 20 0.0121964
266 20 0.0134362
267 20 0.0122959
268 20 0.0132519
269 20 0.0141298
270 20 0.0123223
271 20 0.0132682
272 20 0.0146553
273 20 0.0137127
274 20 0.0137386
275 20 0.0136447
276 20 0.0151358
277 20 0.0140342
278 20 0.0132243
279 20 0.0133272
280 20 0.014055
281 20 0.0130895
282 20 0.0142321
283 20 0.012659
284 20 0.0124488
285 20 0.0130237
286 20 0.012093
287 20 0.0108257
288 20 0.0123976
289 20 0.012247
290 20 0.0120036
291 20 0.0124066
292 20 0.0122414
293 20 0.010838
294 20 0.0109454
295 20 0.0117226
296 20 0.0116563
297 20 0.012392
298 20 0.012143
299 20 0.0127438
300 20 0.011042
301 20 0.0114737
302 20 0.0127629
303 20 0.0113995
304 20 0.0116558
305 20 0.0121981
306 20 0.0121784
307 20 0.0111319
308 20 0.011001
309 20 0.0125966
310 20 0.0109701
311 20 0.0111409
312 20 0.0120514
313 20 0.0115625
314 20 0.0123099
315 20 0.0120997
316 20 0.0109892
317 20 0.0106762
318 20 0.0103283
319 20 0.0111679
320 20 0.0106717
321 20 0.0118171
322 20 0.0106138
323 20 0.0105087
324 20 0.0116827
325 20 0.0114883
326 20 0.0115237
327 20 0.0118019
328 20 0.0120059
329 20 0.0109695
330 20 0.0120464
331 20 0.0113837
332 20 0.0110617
333 20 0.0109875
334 20 0.0104452
335 20 0.010956
336 20 0.011685
337 20 0.0124268
338 20 0.0123718
339 20 0.0114742
340 20 0.011468
341 20 0.0118013
342 20 0.0124235
343 20 0.011608
344 20 0.011599
345 20 0.0121762
346 20 0.0119958
347 20 0.0108532
348 20 0.0103811
349 20 0.010367
350 20 0.0110038
351 20 0.0103479
352 20 0.0104064
353 20 0.0103715
354 20 0.0101962
355 20 0.0109712
356 20 0.0111584
357 20 0.0108886
358 20 0.0108223
359 20 0.0109454
360 20 0.0112258
361 20 0.0112303
362 20 0.0113635
363 20 0.0113871
364 20 0.0113247
365 20 0.0115197
366 20 0.0118289
367 20 0.0114439
368 20 0.0117502
369 20 0.0124027
370 20 0.0117502
371 20 0.012578
372 20 0.0120722
373 20 0.0120975
374 20 0.0121262
375 20 0.0131282
376 20 0.0128663
377 20 0.0127393
378 20 0.0123043
379 20 0.0114315
380 20 0.011395
381 20 0.0111685
382 20 0.0117704
383 20 0.0114467
384 20 0.0121211
385 20 0.0114534
386 20 0.0113792
387 20 0.0118204
388 20 0.0121649
389 20 0.0123038
390 20 0.0116288
391 20 0.0112854
392 20 0.0117704
393 20 0.0122442
394 20 0.0116782
395 20 0.0116737
396 20 0.0122375
397 20 0.0132198
398 20 0.012949
399 20 0.0132266
400 20 0.0147418
401 20 0.0149773
402 20 0.0147396
403 20 0.0153432
404 20 0.015455
405 20 0.0164402
406 20 0.0182595
407 20 0.0194521
408 20 0.0193757
409 20 0.0210713
410 20 0.0238898
411 20 0.0278167
412 20 0.0325809
413 20 0.0361672
414 20 0.0410635
415 20 0.0465055
416 20 0.0567529
417 20 0.065476
418 20 0.0781648
419 20 0.0905201
420 20 0.10573
421 20 0.12133
422 20 0.144836
423 20 0.164836
424 20 0.191455
425 20 0.214829
426 20 0.239411
427 20 0.267569
428 20 0.302745
429 20 0.332941
430 20 0.365974
431 20 0.390776
432 20 0.425984
433 20 0.453155
434 20 0.486224
435 20 0.51473
436 20 0.535447
437 20 0.556974
438 20 0.578355
439 20 0.600566
440 20 0.622572
441 20 0.636042
442 20 0.644793
443 20 0.657495
444 20 0.660997
445 20 0.67845
446 20 0.68168
447 20 0.691021
448 20 0.692731
449 20 0.69354
450 20 0.694625
451 20 0.701453
452 20 0.704418
453 20 0.703722
454 20 0.703118
455 20 0.700308
456 20 0.702248
457 20 0.702719
458 20 0.701172
459 20 0.702446
460 20 0.700445
461 20 0.702777
462 20 0.699824
463 20 0.697689
464 20 0.701655
465 20 0.70111
466 20 0.700512
467 20 0.69948
468 20 0.70062
469 20 0.698703
470 20 0.691292
471 20 0.696774
472 20 0.700728
473 20 0.694008
474 20 0.69535
475 20 0.693592
476 20 0.69382
477 20 0.692389
478 20 0.697022
479 20 0.697126
480 20 0.69179
481 20 0.694366
482 20 0.694846
483 20 0.698748
484 20 0.700541
485 20 0.696701
486 20 0.694398
487 20 0.695615
488 20 0.701808
489 20 0.698958
490 20 0.694163
491 20 0.695359
492 20 0.696766
493 20 0.699138
494 20 0.696158
495 20 0.693884
496 20 0.690571
497 20 0.698745
498 20 0.69932
499 20 0.694898
500 20 0.697024
501 20 0.691589
502 20 0.696261
503 20 0.700464
504 20 0.696905
505 20 0.690009
506 20 0.693927
507 20 0.696061
508 20 0.701458
509 20 0.694915
510 20 0.693052
511 20 0.698531
512 20 0.702344
513 20 0.697716
514 20 0.69458
515 20 0.696626
516 20 0.696993
517 20 0.693307
518 20 0.698284
519 20 0.698186
520 20 0.695951
521 20 0.696896
522 20 0.696002
523 20 0.703026
524 20 0.700223
525 20 0.695831
526 20 0.699252
527 20 0.697496
528 20 0.696917
529 20 0.706178
530 20 0.700636
531 20 0.696694
532 20 0.694138
533 20 0.705032
534 20 0.703178
535 20 0.707096
536 20 0.695279
537 20 0.699007
538 20 0.699867
539 20 0.708342
540 20 0.708251
541 20 0.702763
542 20 0.700042
543 20 0.703102
544 20 0.711444
545 20 0.704639
546 20 0.703763
547 20 0.697362
548 20 0.70568
549 20 0.708723
550 20 0.708966
551 20 0.706607
552 20 0.704361
553 20 0.709517
554 20 0.708914
555 20 0.703427
556 20 0.706253
557 20 0.707184
558 20 0.704088
559 20 0.70777
560 20 0.706839
561 20 0.701673
562 20 0.700878
563 20 0.6957
564 20 0.693711
565 20 0.697708
566 20 0.684397
567 20 0.676474
568 20 0.673107
569 20 0.659823
570 20 0.646459
571 20 0.644391
572 20 0.623282
573 20 0.598016
574 20 0.579681
575 20 0.550871
576 20 0.527018
577 20 0.492434
578 20 0.459544
579 20 0.424265
580 20 0.383756
581 20 0.340025
582 20 0.298034
583 20 0.263082
584 20 0.230331
585 20 0.192974
586 20 0.15623
587 20 0.131998
588 20 0.104787
589 20 0.0866283
590 20 0.0722309
591 20 0.0605605
592 20 0.0490521
593 20 0.0416238
594 20 0.0358777
595 20 0.0297118
596 20 0.0269787
597 20 0.0236768
598 20 0.0230271
599 20 0.0200512
600 20 0.0189721
601 20 0.017403
602 20 0.0176435
603 20 0.0158198
604 20 0.0141584
605 20 0.0139364
606 20 0.0136773
607 20 0.0140899
608 20 0.0132952
609 20 0.014327
610 20 0.0139095
611 20 0.0133879
612 20 0.0130631
613 20 0.0135891
614 20 0.0145524
615 20 0.0138971
616 20 0.0140887
617 20 0.0141478
618 20 0.0137217
619 20 0.0140196
620 20 0.0128489
621 20 0.0126112
622 20 0.0123785
623 20 0.0133255
624 20 0.0127152
625 20 0.0123853
626 20 0.0124814
627 20 0.011386
628 20 0.0110269
629 20 0.0118373
630 20 0.0109583
631 20 0.0115186
632 20 0.012369
633 20 0.0122627
634 20 0.0117985
635 20 0.0115703
636 20 0.011332
637 20 0.0112286
638 20 0.0115883
639 20 0.0113242
640 20 0.0113315
641 20 0.0114326
642 20 0.011409
643 20 0.0112646
644 20 0.0105205
645 20 0.0113697
646 20 0.0115833
647 20 0.0123195
648 20 0.0122256
649 20 0.0118502
650 20 0.0119722
651 20 0.0117963
652 20 0.0117412
653 20 0.0123397
654 20 0.0119429
655 20 0.0113961
656 20 0.0120964
657 20 0.0115681
658 20 0.0123819
659 20 0.0129827
660 20 0.0126736
661 20 0.0133553
662 20 0.0141191
663 20 0.0131305
664 20 0.0126078
665 20 0.0127764
666 20 0.0116698
667 20 0.0110847
668 20 0.0115759
669 20 0.0111438
670 20 0.0117344
671 20 0.0123487
672 20 0.0136543
673 20 0.0125629
674 20 0.0132856
675 20 0.012854
676 20 0.0118963
677 20 0.011853
678 20 0.0136919
679 20 0.014458
680 20 0.0115209
681 20 0.012664
682 20 0.0142927
683 20 0.0155983
684 20 0.0170809
685 20 0.014295
686 20 0.0145271
687 20 0.0147637
688 20 0.0136329
689 20 0.0133632
690 20 0.0155359
691 20 0.0134424
692 20 0.0132643
693 20 0.013919
694 20 0.0155449
695 20 0.0120958
696 20 0.0145513
697 20 0.0147643
698 20 0.0157478
699 20 0.0140123
700 20 0.0154663
701 20 0.0142309
702 20 0.0152982
703 20 0.0153016
704 20 0.013353
705 20 0.0142197
706 20 0.0136818
707 20 0.013783
708 20 0.0130659
709 20 0.0136712
710 20 0.0117648
711 20 0.0121059
712 20 0.012786
713 20 0.0144462
714 20 0.0151448
715 20 0.0133907
716 20 0.0139617
717 20 0.0132519
718 20 0.0130726
719 20 0.0146311
720 20 0.0133238
721 20 0.0132727
722 20 0.0162862
723 20 0.0144406
724 20 0.0172799
725 20 0.0137279
726 20 0.0138965
727 20 0.013516
728 20 0.0143169
729 20 0.0162087
730 20 0.015577
731 20 0.0115911
732 20 0.0157624
733 20 0.0118266
734 20 0.0113225
735 20 0.0114489
736 20 0.0140061
737 20 0.0132598
738 20 0.0141916
739 20 0.0132806
740 20 0.0125314
741 20 0.0156641
742 20 0.0134216
743 20 0.0149975
744 20 0.0134211
745 20 0.0139258
746 20 0.0144226
747 20 0.0154859
748 20 0.0178178
749 20 0.015138
750 20 0.0167791
751 20 0.0134132
752 20 0.0135486
753 20 0.0140955
754 20 0.0145788
755 20 0.0138111
756 20 0.0142467
757 20 0.0134093
758 20 0.0127972
759 20 0.0140404
760 20 0.0144737
761 20 0.0136993
762 20 0.0159221
763 20 0.0147879
764 20 0.0139027
765 20 0.0134784
766 20 0.0136003
767 20 0.0152139
768 20 0.0141449
769 20 0.012446
770 20 0.0125994
771 20 0.0125432
772 20 0.0163318
773 20 0.0135144
774 20 0.0166206
775 20 0.0139111
776 20 0.0137156
777 20 0.0155101
778 20 0.0131395
779 20 0.0140657
780 20 0.0145131
781 20 0.0152628
782 20 0.0158833
783 20 0.0177953
784 20 0.0155477
785 20 0.0148081
786 20 0.0163323
787 20 0.0159058
788 20 0.0163104
789 20 0.01594
790 20 0.0160463
791 20 0.0138785
792 20 0.0142821
793 20 0.0143001
794 20 0.0141309
795 20 0.0143995
796 20 0.015228
797 20 0.0138724
798 20 0.0133025
799 20 0.0135964
800 20 0.0143248
801 20 0.0139168
802 20 0.0146822
803 20 0.0142888
804 20 0.0131181
805 20 0.0186788
806 20 0.0139241
807 20 0.0161418
808 20 0.0131254
809 20 0.0160013
810 20 0.015881
811 20 0.0143934
812 20 0.0137043
813 20 0.013262
814 20 0.0162244
815 20 0.0136223
816 20 0.0127393
817 20 0.015206
818 20 0.0172192
819 20 0.0136526
820 20 0.014204
821 20 0.0132907
822 20 0.0160131
823 20 0.0168915
824 20 0.0140977
825 20 0.0137054
826 20 0.015772
827 20 0.0164571
828 20 0.0154112
829 20 0.0171113
830 20 0.0159563
831 20 0.0160024
832 20 0.0159164
833 20 0.0170877
834 20 0.0178239
835 20 0.0164189
836 20 0.0156703
837 20 0.0177143
838 20 0.0200383
839 20 0.0172642
840 20 0.0197668
841 20 0.0155758
842 20 0.0163756
843 20 0.0192082
844 20 0.0150537
845 20 0.0155298
846 20 0.0157787
847 20 0.0143844
848 20 0.0151498
849 20 0.0148846
850 20 0.0174918
851 20 0.0174749
852 20 0.0172844
853 20 0.0175013
854 20 0.0186872
855 20 0.0163076
856 20 0.0170658
857 20 0.0175412
858 20 0.0156
859 20 0.0166566
860 20 0.0141635
861 20 0.015858
862 20 0.0156922
863 20 0.0172681
864 20 0.0157383
865 20 0.0168308
866 20 0.0153286
867 20 0.0143152
868 20 0.0185152
869 20 0.0175766
870 20 0.0143714
871 20 0.0165217
872 20 0.0131361
873 20 0.0164082
874 20 0.0178526
875 20 0.0192262
876 20 0.0150981
877 20 0.0171444
878 20 0.0153347
879 20 0.0192953
880 20 0.0180116
881 20 0.0175362
882 20 0.0188097
883 20 0.0211286
884 20 0.0162801
885 20 0.0185956
886 20 0.0175542
887 20 0.0174255
888 20 0.0172147
889 20 0.021504
890 20 0.0170377
891 20 0.0187934
892 20 0.0231603
893 20 0.0229501
894 20 0.0208172
895 20 0.0177672
896 20 0.020643
897 20 0.0160738
898 20 0.0176823
899 20 0.0162053
900 20 0.0166808
901 20 0.014975
902 20 0.014345
903 20 0.0161941
904 20 0.0164161
905 20 0.017784
906 20 0.01589
907 20 0.0170838
908 20 0.0219834
909 20 0.019868
910 20 0.0217704
911 20 0.0163829
912 20 0.01748
913 20 0.0180701
914 20 0.0150987
915 20 0.0160721
916 20 0.0171293
917 20 0.0166274
918 20 0.0160704
919 20 0.0188238
920 20 0.0168786
921 20 0.0178964
922 20 0.0164655
923 20 0.017648
924 20 0.0161075
925 20 0.0201473
926 20 0.0199135
927 20 0.0186439
928 20 0.0207779
929 20 0.0223656
930 20 0.0161727
931 20 0.0188743
932 20 0.0162126
933 20 0.019297
934 20 0.0181269
935 20 0.0177542
936 20 0.0166274
937 20 0.0176042
938 20 0.0179875
939 20 0.0166426
940 20 0.0211983
941 20 0.0171782
942 20 0.0218053
943 20 0.0176615
944 20 0.0203176
945 20 0.0196887
946 20 0.0184579
947 20 0.0208886
948 20 0.0220115
949 20 0.023819
950 20 0.0228355
951 20 0.0179942
952 20 0.0191846
953 20 0.0214332
954 20 0.0217867
955 20 0.018065
956 20 0.018944
957 20 0.0199377
958 20 0.0211977
959 20 0.0185473
960 20 0.0205053
961 20 0.0181965
962 20 0.0230395
963 20 0.022333
964 20 0.0222605
965 20 0.0174648
966 20 0.0206453
967 20 0.0163779
968 20 0.019034
969 20 0.0202799
970 20 0.0171248
971 20 0.0170051
972 20 0.0201012
973 20 0.0218295
974 20 0.0185821
975 20 0.0181982
976 20 0.0191177
977 20 0.0191891
978 20 0.0195594
979 20 0.017272
980 20 0.0173254
981 20 0.0184332
982 20 0.021454
983 20 0.018436
984 20 0.0194549
985 20 0.018287
986 20 0.018504
987 20 0.0155618
988 20 0.0161216
989 20 0.0185343
990 20 0.015328
991 20 0.0161738
992 20 0.0165723
993 20 0.0157798
994 20 0.0150751
995 20 0.018146
996 20 0.0169932
997 20 0.014567
998 20 0.0189311
999 20 0.0188609
1000 20 0.0175749
