1 20 0.0242125
2 20 0.0229407
3 20 0.0250258
4 20 0.0251842
5 20 0.0227946
6 20 0.02501
7 20 0.024661
8 20 0.0238427
9 20 0.0239821
10 20 0.0250724
11 20 0.0241013
12 20 0.023913
13 20 0.0232549
14 20 0.0247195
15 20 0.0227968
16 20 0.0225344
17 20 0.0222225
18 20 0.0210878
19 20 0.0235848
20 20 0.0228165
21 20 0.0230447
22 20 0.0245593
23 20 0.0228761
24 20 0.0231217
25 20 0.0220196
26 20 0.0228407
27 20 0.0221927
28 20 0.0226339
29 20 0.0226277
30 20 0.0211777
31 20 0.0218144
32 20 0.0219847
33 20 0.0244564
34 20 0.0234617
35 20 0.0220539
36 20 0.0233094
37 20 0.0221938
38 20 0.022164
39 20 0.0229593
40 20 0.0231071
41 20 0.0238714
42 20 0.0222787
43 20 0.0215509
44 20 0.0235623
45 20 0.024679
46 20 0.0253377
47 20 0.0248425
48 20 0.024117
49 20 0.0239327
50 20 0.0236741
51 20 0.0232819
52 20 0.0239585
53 20 0.0254439
54 20 0.0245003
55 20 0.0253146
56 20 0.0241979
57 20 0.0229548
58 20 0.0222579
59 20 0.0219679
60 20 0.0238697
61 20 0.0236005
62 20 0.0228328
63 20 0.0246925
64 20 0.0241035
65 20 0.0240743
66 20 0.0251129
67 20 0.025368
68 20 0.0243856
69 20 0.0251157
70 20 0.0238416
71 20 0.0253118
72 20 0.0232301
73 20 0.0247049
74 20 0.0254585
75 20 0.025798
76 20 0.0248549
77 20 0.0268248
78 20 0.0230649
79 20 0.0247869
80 20 0.0233156
81 20 0.0229919
82 20 0.0232948
83 20 0.0228592
84 20 0.0247998
85 20 0.0240495
86 20 0.0249948
87 20 0.0236708
88 20 0.0243536
89 20 0.025916
90 20 0.0252034
91 20 0.0268231
92 20 0.0254877
93 20 0.0262549
94 20 0.0243345
95 20 0.0240894
96 20 0.0252455
97 20 0.0228811
98 20 0.0229452
99 20 0.0237483
100 20 0.0250482
101 20 0.0235876
102 20 0.0231352
103 20 0.0240788
104 20 0.0240113
105 20 0.0248043
106 20 0.0228648
107 20 0.0235943
108 20 0.0215666
109 20 0.0223995
110 20 0.0240473
111 20 0.0224304
112 20 0.0225535
113 20 0.0243631
114 20 0.0228553
115 20 0.0231234
116 20 0.0226159
117 20 0.0228457
118 20 0.0220932
119 20 0.0237011
120 20 0.0234493
121 20 0.0227828
122 20 0.0229727
123 20 0.0223056
124 20 0.0225417
125 20 0.0219499
126 20 0.0226288
127 20 0.024307
128 20 0.0245891
129 20 0.0246728
130 20 0.0242007
131 20 0.0226771
132 20 0.0236539
133 20 0.0251483
134 20 0.023297
135 20 0.0244699
136 20 0.0259182
137 20 0.0244553
138 20 0.0243811
139 20 0.0234954
140 20 0.0240585
141 20 0.0238854
142 20 0.0240658
143 20 0.0240821
144 20 0.0248678
145 20 0.0234032
146 20 0.0229053
147 20 0.0233392
148 20 0.02254
149 20 0.0233633
150 20 0.0245244
151 20 0.023578
152 20 0.0229407
153 20 0.0236887
154 20 0.0234302
155 20 0.0254147
156 20 0.026007
157 20 0.0249128
158 20 0.0237899
159 20 0.0260104
160 20 0.0237983
161 20 0.0236893
162 20 0.022712
163 20 0.0225563
164 20 0.0230503
165 20 0.0229969
166 20 0.0251106
167 20 0.0247054
168 20 0.0240378
169 20 0.0254838
170 20 0.0266505
171 20 0.0255569
172 20 0.0270198
173 20 0.0253219
174 20 0.0261661
175 20 0.0251865
176 20 0.0250449
177 20 0.024724
178 20 0.0242592
179 20 0.0244059
180 20 0.0238456
181 20 0.0262729
182 20 0.0253371
183 20 0.0249538
184 20 0.025137
185 20 0.0247105
186 20 0.023854
187 20 0.0238602
188 20 0.0252264
189 20 0.0244531
190 20 0.023637
191 20 0.0244683
192 20 0.0252809
193 20 0.026437
194 20 0.0264066
195 20 0.0271372
196 20 0.0247436
197 20 0.0258637
198 20 0.0251668
199 20 0.0254422
200 20 0.0255023
201 20 0.0246256
202 20 0.0270288
203 20 0.0261975
204 20 0.0263909
205 20 0.0259019
206 20 0.0270507
207 20 0.0257086
208 20 0.0267449
209 20 0.0269849
210 20 0.0264493
211 20 0.0259064
212 20 0.0254175
213 20 0.0263471
214 20 0.0261891
215 20 0.0260014
216 20 0.0258547
217 20 0.0270867
218 20 0.0283894
219 20 0.0261037
220 20 0.0249825
221 20 0.0237163
222 20 0.0244683
223 20 0.0245037
224 20 0.0238646
225 20 0.023741
226 20 0.0241041
227 20 0.0246363
228 20 0.0257474
229 20 0.0253292
230 20 0.0254574
231 20 0.026075
232 20 0.0264954
233 20 0.028386
234 20 0.028585
235 20 0.0291835
236 20 0.0267124
237 20 0.0268247
238 20 0.0280224
239 20 0.0259801
240 20 0.025309
241 20 0.0261093
242 20 0.0254641
243 20 0.0259902
244 20 0.0275284
245 20 0.0264696
246 20 0.0275469
247 20 0.0269596
248 20 0.0268523
249 20 0.0258761
250 20 0.0264044
251 20 0.0266303
252 20 0.0257389
253 20 0.0260739
254 20 0.0273806
255 20 0.0266831
256 20 0.0252051
257 20 0.0275256
258 20 0.0265741
259 20 0.0250438
260 20 0.0247526
261 20 0.0249848
262 20 0.0255254
263 20 0.0264072
264 20 0.0263915
265 20 0.0252135
266 20 0.0258592
267 20 0.0264139
268 20 0.0267141
269 20 0.0270142
270 20 0.0265168
271 20 0.0270282
272 20 0.0269894
273 20 0.0275425
274 20 0.026288
275 20 0.0271833
276 20 0.0278274
277 20 0.0266112
278 20 0.0268113
279 20 0.0265865
280 20 0.0279527
281 20 0.0286406
282 20 0.0275953
283 20 0.0285979
284 20 0.0268669
285 20 0.0268489
286 20 0.0277701
287 20 0.0261947
288 20 0.0265763
289 20 0.0264943
290 20 0.0275464
291 20 0.0273014
292 20 0.0273362
293 20 0.028794
294 20 0.0286046
295 20 0.0285906
296 20 0.0285749
297 20 0.0278229
298 20 0.0272187
299 20 0.0272047
300 20 0.0282629
301 20 0.0281163
302 20 0.0285097
303 20 0.027733
304 20 0.0277521
305 20 0.0287654
306 20 0.0299012
307 20 0.0296337
308 20 0.0292307
309 20 0.0302659
310 20 0.0299827
311 20 0.0292493
312 20 0.0298579
313 20 0.0294027
314 20 0.0302901
315 20 0.0300878
316 20 0.0316772
317 20 0.0313006
318 20 0.0319424
319 20 0.0310528
320 20 0.0308038
321 20 0.030579
322 20 0.029854
323 20 0.0290413
324 20 0.0305368
325 20 0.0310887
326 20 0.0312017
327 20 0.032188
328 20 0.0307425
329 20 0.0300046
330 20 0.0296196
331 20 0.030289
332 20 0.030534
333 20 0.0311534
334 20 0.0290104
335 20 0.0284658
336 20 0.030085
337 20 0.0297495
338 20 0.0301833
339 20 0.0312169
340 20 0.0312686
341 20 0.031803
342 20 0.031191
343 20 0.0312298
344 20 0.0327523
345 20 0.0325309
346 20 0.0330412
347 20 0.0329214
348 20 0.0328945
349 20 0.0331339
350 20 0.0329108
351 20 0.0324887
352 20 0.0338611
353 20 0.0331901
354 20 0.0335447
355 20 0.0338623
356 20 0.0334632
357 20 0.0340067
358 20 0.0349081
359 20 0.0341292
360 20 0.0336369
361 20 0.0338594
362 20 0.034934
363 20 0.0350515
364 20 0.0365464
365 20 0.036647
366 20 0.0380694
367 20 0.040607
368 20 0.0393306
369 20 0.0403231
370 20 0.0413763
371 20 0.043607
372 20 0.046798
373 20 0.048805
374 20 0.0490748
375 20 0.05055
376 20 0.0551315
377 20 0.0590819
378 20 0.060433
379 20 0.0649133
380 20 0.0699967
381 20 0.0758911
382 20 0.0813785
383 20 0.0902499
384 20 0.0961038
385 20 0.106679
386 20 0.111706
387 20 0.122822
388 20 0.137209
389 20 0.150062
390 20 0.167064
391 20 0.180056
392 20 0.195249
393 20 0.209374
394 20 0.229071
395 20 0.243938
396 20 0.259276
397 20 0.276009
398 20 0.294935
399 20 0.313884
400 20 0.33458
401 20 0.349918
402 20 0.37126
403 20 0.386973
404 20 0.408954
405 20 0.42508
406 20 0.439795
407 20 0.461497
408 20 0.476811
409 20 0.489198
410 20 0.49718
411 20 0.50985
412 20 0.518565
413 20 0.533599
414 20 0.544027
415 20 0.550641
416 20 0.552714
417 20 0.563517
418 20 0.562425
419 20 0.573401
420 20 0.574213
421 20 0.581104
422 20 0.578208
423 20 0.582146
424 20 0.579358
425 20 0.580085
426 20 0.580467
427 20 0.580687
428 20 0.573256
429 20 0.578354
430 20 0.573641
431 20 0.5712
432 20 0.569112
433 20 0.56064
434 20 0.555184
435 20 0.55987
436 20 0.557971
437 20 0.545056
438 20 0.535403
439 20 0.529915
440 20 0.53148
441 20 0.527522
442 20 0.519552
443 20 0.513345
444 20 0.501184
445 20 0.504159
446 20 0.498542
447 20 0.490185
448 20 0.482258
449 20 0.479325
450 20 0.466152
451 20 0.467735
452 20 0.460967
453 20 0.454203
454 20 0.443798
455 20 0.43778
456 20 0.438206
457 20 0.433599
458 20 0.425773
459 20 0.421269
460 20 0.417311
461 20 0.411837
462 20 0.407336
463 20 0.40184
464 20 0.395732
465 20 0.392594
466 20 0.388153
467 20 0.381614
468 20 0.382678
469 20 0.380977
470 20 0.374518
471 20 0.37081
472 20 0.371752
473 20 0.377003
474 20 0.368032
475 20 0.365739
476 20 0.365343
477 20 0.365404
478 20 0.365766
479 20 0.363674
480 20 0.357799
481 20 0.353959
482 20 0.356265
483 20 0.353447
484 20 0.353175
485 20 0.355583
486 20 0.349523
487 20 0.349002
488 20 0.348
489 20 0.347356
490 20 0.350969
491 20 0.34916
492 20 0.342939
493 20 0.342478
494 20 0.345165
495 20 0.343514
496 20 0.341117
497 20 0.340137
498 20 0.343127
499 20 0.346218
500 20 0.342606
501 20 0.340297
502 20 0.339612
503 20 0.3392
504 20 0.343301
505 20 0.342738
506 20 0.34507
507 20 0.341915
508 20 0.341021
509 20 0.337331
510 20 0.341121
511 20 0.342715
512 20 0.343555
513 20 0.346074
514 20 0.342469
515 20 0.345728
516 20 0.342187
517 20 0.342544
518 20 0.344165
519 20 0.346276
520 20 0.345217
521 20 0.343554
522 20 0.344194
523 20 0.34745
524 20 0.349629
525 20 0.349616
526 20 0.352228
527 20 0.355963
528 20 0.358789
529 20 0.356589
530 20 0.359534
531 20 0.360824
532 20 0.373791
533 20 0.375118
534 20 0.374182
535 20 0.382136
536 20 0.386441
537 20 0.390043
538 20 0.394433
539 20 0.404557
540 20 0.40962
541 20 0.411728
542 20 0.420795
543 20 0.425419
544 20 0.436432
545 20 0.436687
546 20 0.441903
547 20 0.445782
548 20 0.456439
549 20 0.463193
550 20 0.467764
551 20 0.472953
552 20 0.477155
553 20 0.482902
554 20 0.491759
555 20 0.489873
556 20 0.497479
557 20 0.500881
558 20 0.508234
559 20 0.512031
560 20 0.512817
561 20 0.517682
562 20 0.52814
563 20 0.528927
564 20 0.539471
565 20 0.534658
566 20 0.538915
567 20 0.545419
568 20 0.54721
569 20 0.550322
570 20 0.555427
571 20 0.558756
572 20 0.559853
573 20 0.562996
574 20 0.55854
575 20 0.566038
576 20 0.564496
577 20 0.566974
578 20 0.56082
579 20 0.561098
580 20 0.556239
581 20 0.55498
582 20 0.555699
583 20 0.548891
584 20 0.544562
585 20 0.535611
586 20 0.530109
587 20 0.52379
588 20 0.513267
589 20 0.507248
590 20 0.498816
591 20 0.481229
592 20 0.479115
593 20 0.463243
594 20 0.450671
595 20 0.440547
596 20 0.419072
597 20 0.40721
598 20 0.399664
599 20 0.38385
600 20 0.365924
601 20 0.350184
602 20 0.333723
603 20 0.319736
604 20 0.306601
605 20 0.288588
606 20 0.274131
607 20 0.259649
608 20 0.24803
609 20 0.232517
610 20 0.221802
611 20 0.214318
612 20 0.199259
613 20 0.188113
614 20 0.179369
615 20 0.16861
616 20 0.158837
617 20 0.150102
618 20 0.145102
619 20 0.134372
620 20 0.126527
621 20 0.120141
622 20 0.111135
623 20 0.102768
624 20 0.0951989
625 20 0.0928082
626 20 0.0867468
627 20 0.0794925
628 20 0.0733952
629 20 0.0682169
630 20 0.0657698
631 20 0.0612536
632 20 0.0576157
633 20 0.0537901
634 20 0.0527076
635 20 0.0513616
636 20 0.0481924
637 20 0.0448119
638 20 0.0426307
639 20 0.0414696
640 20 0.038591
641 20 0.0384578
642 20 0.0380172
643 20 0.036792
644 20 0.0357326
645 20 0.0344563
646 20 0.0335998
647 20 0.035147
648 20 0.0353505
649 20 0.0345299
650 20 0.03415
651 20 0.0339421
652 20 0.0329361
653 20 0.032102
654 20 0.0317654
655 20 0.0312663
656 20 0.0317193
657 20 0.0310528
658 20 0.030303
659 20 0.0311376
660 20 0.0318576
661 20 0.0311579
662 20 0.0306695
663 20 0.0288272
664 20 0.0288323
665 20 0.029034
666 20 0.0283383
667 20 0.0276672
668 20 0.0275143
669 20 0.0270794
670 20 0.0283191
671 20 0.0276891
672 20 0.0281354
673 20 0.0291802
674 20 0.0286642
675 20 0.0285507
676 20 0.0275323
677 20 0.028463
678 20 0.0278313
679 20 0.0282365
680 20 0.0281208
681 20 0.0274778
682 20 0.0284035
683 20 0.0270501
684 20 0.0279212
685 20 0.0290009
686 20 0.0281539
687 20 0.0282534
688 20 0.0273862
689 20 0.0283708
690 20 0.0282506
691 20 0.0288963
692 20 0.0273682
693 20 0.0274121
694 20 0.0261936
695 20 0.0263313
696 20 0.0279786
697 20 0.0276228
698 20 0.02762
699 20 0.0278915
700 20 0.0268337
701 20 0.0263476
702 20 0.025708
703 20 0.0266123
704 20 0.0259261
705 20 0.0268905
706 20 0.0274795
707 20 0.0271777
708 20 0.028109
709 20 0.0276093
710 20 0.0261604
711 20 0.0268051
712 20 0.0277335
713 20 0.0289126
714 20 0.0273609
715 20 0.0276312
716 20 0.027865
717 20 0.0268163
718 20 0.0275874
719 20 0.0264909
720 20 0.025581
721 20 0.0259682
722 20 0.0256479
723 20 0.0262987
724 20 0.0268529
725 20 0.0269383
726 20 0.0269079
727 20 0.0256704
728 20 0.0259087
729 20 0.0268984
730 20 0.0278892
731 20 0.0267506
732 20 0.0275323
733 20 0.0267792
734 20 0.0257508
735 20 0.0258957
736 20 0.0268973
737 20 0.0265904
738 20 0.028005
739 20 0.027896
740 20 0.0280775
741 20 0.0293774
742 20 0.0273328
743 20 0.0276048
744 20 0.0257035
745 20 0.0268489
746 20 0.0270372
747 20 0.0267905
748 20 0.0253394
749 20 0.0259132
750 20 0.0267371
751 20 0.026029
752 20 0.0268602
753 20 0.0280027
754 20 0.0271215
755 20 0.027126
756 20 0.027715
757 20 0.0257716
758 20 0.0267494
759 20 0.0254855
760 20 0.0236545
761 20 0.0241007
762 20 0.0244817
763 20 0.0241136
764 20 0.0256861
765 20 0.0240237
766 20 0.0235207
767 20 0.0235718
768 20 0.0235814
769 20 0.0240046
770 20 0.0246335
771 20 0.0239445
772 20 0.0233364
773 20 0.0232049
774 20 0.023954
775 20 0.0244851
776 20 0.0247273
777 20 0.0245852
778 20 0.0239394
779 20 0.0241344
780 20 0.0243148
781 20 0.0248808
782 20 0.025046
783 20 0.0254967
784 20 0.0248319
785 20 0.0249639
786 20 0.0250151
787 20 0.0239287
788 20 0.0266629
789 20 0.0265882
790 20 0.0260464
791 20 0.0245211
792 20 0.0244874
793 20 0.0244694
794 20 0.0242316
795 20 0.023918
796 20 0.0243165
797 20 0.0241895
798 20 0.0234538
799 20 0.0236798
800 20 0.0232397
801 20 0.0226547
802 20 0.0234898
803 20 0.0227991
804 20 0.022481
805 20 0.0233049
806 20 0.0215435
807 20 0.0230295
808 20 0.0210608
809 20 0.0217588
810 20 0.0217549
811 20 0.0214885
812 20 0.0215385
813 20 0.0233971
814 20 0.0236292
815 20 0.0230582
816 20 0.0231779
817 20 0.0223911
818 20 0.0232886
819 20 0.0210625
820 20 0.0220673
821 20 0.0225096
822 20 0.0235477
823 20 0.0232414
824 20 0.02249
825 20 0.0232644
826 20 0.0226625
827 20 0.0230655
828 20 0.022055
829 20 0.0218032
830 20 0.0230441
831 20 0.0231329
832 20 0.0231571
833 20 0.0221342
834 20 0.0225198
835 20 0.0231014
836 20 0.0218954
837 20 0.0220106
838 20 0.0224394
839 20 0.0228811
840 20 0.0233234
841 20 0.0227727
842 20 0.0228766
843 20 0.022191
844 20 0.0221241
845 20 0.0220257
846 20 0.0227002
847 20 0.0229868
848 20 0.0224591
849 20 0.0233926
850 20 0.023428
851 20 0.0231717
852 20 0.0233942
853 20 0.022984
854 20 0.0216565
855 20 0.0219566
856 20 0.0237438
857 20 0.0242328
858 20 0.0244205
859 20 0.023646
860 20 0.0216672
861 20 0.0217195
862 20 0.0211451
863 20 0.0225012
864 20 0.0217695
865 20 0.0224461
866 20 0.0224664
867 20 0.0227828
868 20 0.0237483
869 20 0.0238815
870 20 0.0234909
871 20 0.0231396
872 20 0.0231003
873 20 0.0239776
874 20 0.0242968
875 20 0.0242957
876 20 0.0226642
877 20 0.0218667
878 20 0.0219993
879 20 0.0232127
880 20 0.0234999
881 20 0.0235595
882 20 0.0224523
883 20 0.0231919
884 20 0.0228631
885 20 0.0217717
886 20 0.0237393
887 20 0.0239641
888 20 0.022554
889 20 0.023895
890 20 0.0234015
891 20 0.0227721
892 20 0.0230857
893 20 0.0238551
894 20 0.0228626
895 20 0.0224102
896 20 0.0234724
897 20 0.0222562
898 20 0.0248049
899 20 0.0239922
900 20 0.023233
901 20 0.0221027
902 20 0.0210883
903 20 0.0227024
904 20 0.0225557
905 20 0.0235134
906 20 0.0241591
907 20 0.0223534
908 20 0.0234825
909 20 0.0252944
910 20 0.0225552
911 20 0.022119
912 20 0.0238337
913 20 0.0230239
914 20 0.0216565
915 20 0.0215323
916 20 0.0225259
917 20 0.02206
918 20 0.022658
919 20 0.0236803
920 20 0.0225647
921 20 0.021303
922 20 0.0213974
923 20 0.0223011
924 20 0.0224995
925 20 0.0235971
926 20 0.0239405
927 20 0.0218262
928 20 0.024312
929 20 0.0251747
930 20 0.0220561
931 20 0.0237
932 20 0.0219246
933 20 0.0236657
934 20 0.0225821
935 20 0.022812
936 20 0.0224737
937 20 0.0236449
938 20 0.0239467
939 20 0.0229458
940 20 0.0233307
941 20 0.0234763
942 20 0.0237517
943 20 0.0229109
944 20 0.0228609
945 20 0.0217745
946 20 0.0228879
947 20 0.0233442
948 20 0.0234516
949 20 0.0253141
950 20 0.0240805
951 20 0.0234156
952 20 0.0230986
953 20 0.0228918
954 20 0.0235505
955 20 0.021965
956 20 0.023451
957 20 0.0223832
958 20 0.0238663
959 20 0.0231644
960 20 0.0234173
961 20 0.0221561
962 20 0.0229688
963 20 0.024638
964 20 0.0249774
965 20 0.023718
966 20 0.0238405
967 20 0.0226406
968 20 0.0232122
969 20 0.0238349
970 20 0.0217712
971 20 0.0222
972 20 0.0242052
973 20 0.0252163
974 20 0.0235375
975 20 0.0237298
976 20 0.0245424
977 20 0.0226485
978 20 0.0236196
979 20 0.0233942
980 20 0.0242536
981 20 0.0239849
982 20 0.0249842
983 20 0.0256867
984 20 0.0261723
985 20 0.0237545
986 20 0.0242586
987 20 0.0252894
988 20 0.0243328
989 20 0.0266635
990 20 0.0256934
991 20 0.0251719
992 20 0.0264325
993 20 0.0253276
994 20 0.0242597
995 20 0.0247841
996 20 0.0265747
997 20 0.0239091
998 20 0.0263583
999 20 0.0241777
1000 20 0.0239321
