1 20 0.0205055
2 20 0.0173739
3 20 0.0202846
4 20 0.0230475
5 20 0.0164651
6 20 0.0188284
7 20 0.0194196
8 20 0.0153871
9 20 0.0158665
10 20 0.0201767
11 20 0.0194028
12 20 0.0138421
13 20 0.013071
14 20 0.0157721
15 20 0.0203824
16 20 0.0143221
17 20 0.013039
18 20 0.0187306
19 20 0.0165218
20 20 0.0149055
21 20 0.01472
22 20 0.0177302
23 20 0.0161577
24 20 0.0175132
25 20 0.0157682
26 20 0.0128445
27 20 0.0126692
28 20 0.0133975
29 20 0.0119368
30 20 0.0127012
31 20 0.0107498
32 20 0.0113338
33 20 0.0151173
34 20 0.0115794
35 20 0.0123179
36 20 0.0137758
37 20 0.0119413
38 20 0.0127091
39 20 0.0127124
40 20 0.0127203
41 20 0.0169068
42 20 0.013515
43 20 0.0143356
44 20 0.0162549
45 20 0.0165494
46 20 0.0157401
47 20 0.0166078
48 20 0.0212187
49 20 0.0161177
50 20 0.0165651
51 20 0.0153972
52 20 0.0154332
53 20 0.016501
54 20 0.0130103
55 20 0.0116749
56 20 0.0111657
57 20 0.0129181
58 20 0.0129221
59 20 0.0131935
60 20 0.0141861
61 20 0.0142198
62 20 0.0120425
63 20 0.0148605
64 20 0.0148729
65 20 0.0139826
66 20 0.0215812
67 20 0.0134521
68 20 0.0148374
69 20 0.0162605
70 20 0.014308
71 20 0.0198861
72 20 0.0167045
73 20 0.0143597
74 20 0.0176082
75 20 0.0194809
76 20 0.0230121
77 20 0.0230925
78 20 0.0152595
79 20 0.0125607
80 20 0.0158452
81 20 0.0170867
82 20 0.0138803
83 20 0.0192662
84 20 0.0130924
85 20 0.0148223
86 20 0.0161116
87 20 0.0129912
88 20 0.0167629
89 20 0.0221263
90 20 0.0170558
91 20 0.0197585
92 20 0.0180084
93 20 0.0171209
94 20 0.016455
95 20 0.0156501
96 20 0.0136752
97 20 0.015649
98 20 0.0134397
99 20 0.0117885
100 20 0.0160475
101 20 0.0144896
102 20 0.0120268
103 20 0.0201109
104 20 0.0150819
105 20 0.0140804
106 20 0.0133318
107 20 0.0122954
108 20 0.0121723
109 20 0.0131553
110 20 0.0185682
111 20 0.0126152
112 20 0.0149532
113 20 0.0169872
114 20 0.0122083
115 20 0.0151128
116 20 0.0131907
117 20 0.0111646
118 20 0.0108471
119 20 0.0107111
120 20 0.0127861
121 20 0.0126455
122 20 0.015015
123 20 0.0129322
124 20 0.0129889
125 20 0.0157845
126 20 0.013021
127 20 0.0128496
128 20 0.0140079
129 20 0.0146351
130 20 0.0158322
131 20 0.0142288
132 20 0.0112455
133 20 0.0136549
134 20 0.0121015
135 20 0.0131502
136 20 0.0152792
137 20 0.0118598
138 20 0.0160166
139 20 0.010248
140 20 0.0134262
141 20 0.0121622
142 20 0.0102002
143 20 0.00996469
144 20 0.013637
145 20 0.0105897
146 20 0.0111095
147 20 0.0158997
148 20 0.0112714
149 20 0.0115462
150 20 0.0127495
151 20 0.0111101
152 20 0.0149813
153 20 0.0121021
154 20 0.0112208
155 20 0.0149886
156 20 0.0158811
157 20 0.0122926
158 20 0.0131131
159 20 0.0180129
160 20 0.0126759
161 20 0.00982138
162 20 0.0101878
163 20 0.0142333
164 20 0.01289
165 20 0.0141428
166 20 0.0116907
167 20 0.0113703
168 20 0.0116058
169 20 0.0103075
170 20 0.00993996
171 20 0.0112337
172 20 0.0152848
173 20 0.0119661
174 20 0.012432
175 20 0.0154961
176 20 0.0121695
177 20 0.0117311
178 20 0.0131699
179 20 0.0102581
180 20 0.0119812
181 20 0.0144418
182 20 0.0136505
183 20 0.0109005
184 20 0.0114962
185 20 0.0137466
186 20 0.00918516
187 20 0.0134296
188 20 0.00957409
189 20 0.0120296
190 20 0.013814
191 20 0.00946618
192 20 0.0133975
193 20 0.0102232
194 20 0.00913627
195 20 0.00982587
196 20 0.00834831
197 20 0.00872824
198 20 0.00930825
199 20 0.00921832
200 20 0.00965165
201 20 0.00826007
202 20 0.0117446
203 20 0.00879175
204 20 0.0135262
205 20 0.00972471
206 20 0.0121515
207 20 0.0105273
208 20 0.0143311
209 20 0.00954485
210 20 0.00956566
211 20 0.0123066
212 20 0.0119537
213 20 0.00903792
214 20 0.00968986
215 20 0.00972302
216 20 0.00971796
217 20 0.00947405
218 20 0.0108049
219 20 0.00887718
220 20 0.0103885
221 20 0.00967188
222 20 0.0109904
223 20 0.01144
224 20 0.00904017
225 20 0.0102457
226 20 0.00911209
227 20 0.0104368
228 20 0.00851861
229 20 0.0101445
230 20 0.00944482
231 20 0.00863157
232 20 0.0097944
233 20 0.00931667
234 20 0.0118329
235 20 0.00981069
236 20 0.0117053
237 20 0.0106734
238 20 0.0137123
239 20 0.00881141
240 20 0.00903511
241 20 0.0119166
242 20 0.00942066
243 20 0.00971067
244 20 0.0103935
245 20 0.007385
246 20 0.00869058
247 20 0.00943077
248 20 0.0115119
249 20 0.00837922
250 20 0.0088294
251 20 0.00880917
252 20 0.00725292
253 20 0.00840114
254 20 0.00970223
255 20 0.0100788
256 20 0.00773514
257 20 0.0106633
258 20 0.00985904
259 20 0.00866866
260 20 0.00749515
261 20 0.00855738
262 20 0.00873836
263 20 0.0071304
264 20 0.0080274
265 20 0.00989612
266 20 0.00742041
267 20 0.00709893
268 20 0.00865124
269 20 0.00790824
270 20 0.00837697
271 20 0.00906882
272 20 0.0104907
273 20 0.00847533
274 20 0.00842024
275 20 0.00963703
276 20 0.0119638
277 20 0.00967468
278 20 0.00799311
279 20 0.0128344
280 20 0.0110663
281 20 0.010393
282 20 0.0126697
283 20 0.00904241
284 20 0.00862651
285 20 0.010271
286 20 0.0111281
287 20 0.00692021
288 20 0.00806561
289 20 0.00836124
290 20 0.00810327
291 20 0.00900869
292 20 0.00832976
293 20 0.0067634
294 20 0.00687974
295 20 0.00922057
296 20 0.00722819
297 20 0.00858606
298 20 0.00906546
299 20 0.00884908
300 20 0.00823928
301 20 0.00757215
302 20 0.0079088
303 20 0.00762162
304 20 0.0079223
305 20 0.00704329
306 20 0.0122139
307 20 0.00714839
308 20 0.00996863
309 20 0.00949933
310 20 0.00681623
311 20 0.00741254
312 20 0.00895192
313 20 0.00946504
314 20 0.010094
315 20 0.0101513
316 20 0.00725911
317 20 0.00652061
318 20 0.00763622
319 20 0.00718605
320 20 0.00720515
321 20 0.00732374
322 20 0.00731981
323 20 0.00679319
324 20 0.00776662
325 20 0.00761375
326 20 0.00898115
327 20 0.00778123
328 20 0.00808922
329 20 0.00831796
330 20 0.00955722
331 20 0.0085838
332 20 0.00719335
333 20 0.007308
334 20 0.00710905
335 20 0.00712872
336 20 0.00856301
337 20 0.00785935
338 20 0.00780652
339 20 0.00841239
340 20 0.00762218
341 20 0.0072518
342 20 0.00673811
343 20 0.00668977
344 20 0.00650262
345 20 0.00603502
346 20 0.00614349
347 20 0.00613843
348 20 0.0064852
349 20 0.00604907
350 20 0.00588608
351 20 0.006343
352 20 0.00710904
353 20 0.00648857
354 20 0.00594228
355 20 0.00609178
356 20 0.00627051
357 20 0.00599118
358 20 0.00689492
359 20 0.00692695
360 20 0.00687018
361 20 0.00686288
362 20 0.0074294
363 20 0.00711243
364 20 0.00671057
365 20 0.00739905
366 20 0.00723044
367 20 0.00705004
368 20 0.00714727
369 20 0.00691853
370 20 0.00700676
371 20 0.00714052
372 20 0.00710061
373 20 0.00736196
374 20 0.00838652
375 20 0.00795039
376 20 0.00779977
377 20 0.00775481
378 20 0.00696686
379 20 0.0070225
380 20 0.0071377
381 20 0.00752776
382 20 0.00739118
383 20 0.00745413
384 20 0.00765814
385 20 0.00740523
386 20 0.00790825
387 20 0.00780652
388 20 0.00786609
389 20 0.00719335
390 20 0.0074856
391 20 0.00768905
392 20 0.00725855
393 20 0.00771435
394 20 0.00753169
395 20 0.0078172
396 20 0.00723494
397 20 0.00735184
398 20 0.00759857
399 20 0.00733049
400 20 0.00771829
401 20 0.00794759
402 20 0.00976855
403 20 0.0090115
404 20 0.00951226
405 20 0.00960388
406 20 0.0100585
407 20 0.0101597
408 20 0.0103025
409 20 0.0120076
410 20 0.0124179
411 20 0.0128338
412 20 0.0145834
413 20 0.0174531
414 20 0.0199974
415 20 0.0240957
416 20 0.0304595
417 20 0.03842
418 20 0.0455757
419 20 0.0566442
420 20 0.0716935
421 20 0.0888892
422 20 0.108472
423 20 0.133595
424 20 0.157509
425 20 0.190351
426 20 0.228358
427 20 0.260144
428 20 0.300932
429 20 0.338714
430 20 0.373865
431 20 0.408516
432 20 0.448891
433 20 0.48382
434 20 0.516465
435 20 0.545761
436 20 0.574126
437 20 0.595378
438 20 0.617163
439 20 0.638471
440 20 0.660407
441 20 0.683126
442 20 0.688682
443 20 0.697549
444 20 0.712352
445 20 0.715641
446 20 0.724437
447 20 0.720856
448 20 0.726717
449 20 0.740502
450 20 0.733423
451 20 0.730093
452 20 0.735413
453 20 0.736473
454 20 0.749178
455 20 0.736245
456 20 0.731969
457 20 0.738113
458 20 0.742644
459 20 0.740334
460 20 0.73699
461 20 0.739004
462 20 0.737063
463 20 0.744866
464 20 0.738887
465 20 0.734846
466 20 0.736124
467 20 0.740626
468 20 0.739784
469 20 0.736627
470 20 0.737024
471 20 0.73825
472 20 0.739905
473 20 0.735696
474 20 0.728559
475 20 0.732736
476 20 0.741677
477 20 0.739242
478 20 0.734626
479 20 0.735834
480 20 0.730464
481 20 0.737384
482 20 0.73886
483 20 0.732947
484 20 0.734714
485 20 0.730784
486 20 0.728226
487 20 0.739017
488 20 0.734374
489 20 0.734929
490 20 0.728767
491 20 0.736508
492 20 0.730783
493 20 0.736503
494 20 0.736601
495 20 0.732834
496 20 0.7336
497 20 0.731932
498 20 0.736527
499 20 0.737581
500 20 0.733812
501 20 0.726341
502 20 0.731411
503 20 0.739848
504 20 0.735985
505 20 0.729542
506 20 0.727106
507 20 0.739818
508 20 0.73598
509 20 0.736059
510 20 0.730448
511 20 0.731647
512 20 0.737249
513 20 0.736558
514 20 0.737838
515 20 0.732676
516 20 0.73337
517 20 0.738114
518 20 0.739645
519 20 0.738326
520 20 0.736515
521 20 0.725953
522 20 0.739293
523 20 0.742325
524 20 0.737475
525 20 0.735075
526 20 0.731003
527 20 0.740025
528 20 0.737071
529 20 0.73118
530 20 0.739165
531 20 0.739564
532 20 0.734265
533 20 0.73604
534 20 0.733622
535 20 0.735794
536 20 0.739231
537 20 0.736313
538 20 0.733704
539 20 0.736403
540 20 0.733861
541 20 0.738458
542 20 0.744271
543 20 0.738451
544 20 0.730306
545 20 0.733848
546 20 0.735629
547 20 0.742018
548 20 0.736277
549 20 0.735139
550 20 0.733576
551 20 0.734225
552 20 0.737711
553 20 0.742071
554 20 0.735077
555 20 0.723851
556 20 0.730115
557 20 0.732444
558 20 0.72803
559 20 0.732615
560 20 0.716886
561 20 0.713424
562 20 0.721402
563 20 0.708142
564 20 0.708598
565 20 0.696222
566 20 0.677812
567 20 0.673257
568 20 0.666472
569 20 0.643326
570 20 0.627915
571 20 0.596205
572 20 0.57246
573 20 0.548971
574 20 0.510409
575 20 0.467736
576 20 0.419862
577 20 0.379526
578 20 0.340407
579 20 0.292142
580 20 0.244191
581 20 0.199394
582 20 0.161367
583 20 0.131199
584 20 0.0992546
585 20 0.0764398
586 20 0.0572146
587 20 0.0423047
588 20 0.0334736
589 20 0.0267529
590 20 0.0221735
591 20 0.0178505
592 20 0.014602
593 20 0.0136167
594 20 0.0125686
595 20 0.0107049
596 20 0.010017
597 20 0.00975055
598 20 0.00912615
599 20 0.00851748
600 20 0.00829267
601 20 0.00745582
602 20 0.0074457
603 20 0.0080909
604 20 0.00837754
605 20 0.0083337
606 20 0.00859729
607 20 0.00831234
608 20 0.00845567
609 20 0.00835562
610 20 0.00818026
611 20 0.00834494
612 20 0.00818364
613 20 0.00822972
614 20 0.00849444
615 20 0.00848938
616 20 0.00806112
617 20 0.00791668
618 20 0.00847421
619 20 0.00751315
620 20 0.00814879
621 20 0.0076233
622 20 0.00774919
623 20 0.00731363
624 20 0.00772896
625 20 0.00740242
626 20 0.00810327
627 20 0.0075345
628 20 0.00753224
629 20 0.00711073
630 20 0.00688874
631 20 0.00660491
632 20 0.00711354
633 20 0.00686287
634 20 0.0068966
635 20 0.00688929
636 20 0.00651667
637 20 0.0065414
638 20 0.00656388
639 20 0.00654534
640 20 0.00737489
641 20 0.00771491
642 20 0.00739961
643 20 0.00671956
644 20 0.00719728
645 20 0.00659479
646 20 0.00639583
647 20 0.00698148
648 20 0.00717761
649 20 0.00639359
650 20 0.00610808
651 20 0.00643574
652 20 0.00653691
653 20 0.00702137
654 20 0.00691402
655 20 0.00682354
656 20 0.00689268
657 20 0.00729451
658 20 0.0072192
659 20 0.00731081
660 20 0.00725236
661 20 0.00754349
662 20 0.00792061
663 20 0.00738106
664 20 0.00695562
665 20 0.00689885
666 20 0.00734566
667 20 0.00690728
668 20 0.0067516
669 20 0.00738949
670 20 0.00723381
671 20 0.008495
672 20 0.00690953
673 20 0.00868946
674 20 0.00929476
675 20 0.0077003
676 20 0.00705959
677 20 0.00705509
678 20 0.00845229
679 20 0.0107931
680 20 0.00985734
681 20 0.0100153
682 20 0.009075
683 20 0.00869902
684 20 0.0127681
685 20 0.00755923
686 20 0.00877657
687 20 0.012994
688 20 0.00800154
689 20 0.00699495
690 20 0.00855176
691 20 0.00949484
692 20 0.00882997
693 20 0.00898452
694 20 0.00977305
695 20 0.0101895
696 20 0.010946
697 20 0.0112922
698 20 0.0138702
699 20 0.00948191
700 20 0.00755079
701 20 0.00837528
702 20 0.0100698
703 20 0.0083365
704 20 0.00915313
705 20 0.0103176
706 20 0.0093785
707 20 0.0103935
708 20 0.00756598
709 20 0.0120397
710 20 0.00907332
711 20 0.00899464
712 20 0.0102418
713 20 0.0108932
714 20 0.0112113
715 20 0.00926273
716 20 0.0113107
717 20 0.0103311
718 20 0.00925373
719 20 0.0100001
720 20 0.00900306
721 20 0.0090677
722 20 0.0122308
723 20 0.00899463
724 20 0.0161846
725 20 0.0105958
726 20 0.00983149
727 20 0.00920483
728 20 0.0108426
729 20 0.0125185
730 20 0.0125337
731 20 0.00943807
732 20 0.01091
733 20 0.00946449
734 20 0.00761205
735 20 0.00776886
736 20 0.0110826
737 20 0.00795545
738 20 0.0117598
739 20 0.010058
740 20 0.00883221
741 20 0.0147026
742 20 0.0102822
743 20 0.011929
744 20 0.00918404
745 20 0.0133177
746 20 0.0110556
747 20 0.0113872
748 20 0.0121768
749 20 0.0147694
750 20 0.0138236
751 20 0.0114906
752 20 0.00904635
753 20 0.00898677
754 20 0.0116789
755 20 0.010769
756 20 0.0125573
757 20 0.00922732
758 20 0.00964828
759 20 0.0102041
760 20 0.0102249
761 20 0.0118396
762 20 0.0141889
763 20 0.0126765
764 20 0.0118733
765 20 0.00948191
766 20 0.0100681
767 20 0.0126911
768 20 0.0114102
769 20 0.00936839
770 20 0.00869059
771 20 0.0110157
772 20 0.0141034
773 20 0.00895923
774 20 0.0142007
775 20 0.0108628
776 20 0.00898396
777 20 0.00916718
778 20 0.00893393
779 20 0.00863606
780 20 0.011834
781 20 0.0107791
782 20 0.0124977
783 20 0.01332
784 20 0.0125326
785 20 0.0118626
786 20 0.0117772
787 20 0.0136336
788 20 0.0135088
789 20 0.0136027
790 20 0.0122252
791 20 0.0105981
792 20 0.0122201
793 20 0.0100361
794 20 0.0106256
795 20 0.0100687
796 20 0.0117143
797 20 0.0114906
798 20 0.0114198
799 20 0.0113169
800 20 0.0107763
801 20 0.0100889
802 20 0.0108859
803 20 0.0124202
804 20 0.00969043
805 20 0.01641
806 20 0.00896878
807 20 0.0118818
808 20 0.00917168
809 20 0.0121425
810 20 0.00979271
811 20 0.00940661
812 20 0.0111073
813 20 0.00970335
814 20 0.0135448
815 20 0.0115535
816 20 0.010226
817 20 0.0136847
818 20 0.0147441
819 20 0.00946169
820 20 0.0120504
821 20 0.00983599
822 20 0.0130553
823 20 0.0151791
824 20 0.0110174
825 20 0.0113894
826 20 0.0106363
827 20 0.0121577
828 20 0.00870351
829 20 0.0101142
830 20 0.0113737
831 20 0.0106138
832 20 0.00849836
833 20 0.0107656
834 20 0.0105436
835 20 0.0105408
836 20 0.00879175
837 20 0.0100063
838 20 0.0140821
839 20 0.0111893
840 20 0.0161582
841 20 0.010416
842 20 0.0136684
843 20 0.0127883
844 20 0.0115361
845 20 0.011349
846 20 0.0110623
847 20 0.0125129
848 20 0.011241
849 20 0.0097264
850 20 0.0123628
851 20 0.0114434
852 20 0.0127956
853 20 0.014938
854 20 0.0150555
855 20 0.013628
856 20 0.0142366
857 20 0.012437
858 20 0.0126731
859 20 0.011585
860 20 0.0126928
861 20 0.0130378
862 20 0.0117626
863 20 0.0113147
864 20 0.0115687
865 20 0.0144328
866 20 0.011141
867 20 0.0127388
868 20 0.015196
869 20 0.0181978
870 20 0.0121757
871 20 0.0102592
872 20 0.0111062
873 20 0.0161189
874 20 0.0135262
875 20 0.0197664
876 20 0.0158024
877 20 0.0144648
878 20 0.0109432
879 20 0.0131328
880 20 0.0156248
881 20 0.0148268
882 20 0.0161975
883 20 0.0205948
884 20 0.012473
885 20 0.0143181
886 20 0.0145205
887 20 0.0141861
888 20 0.0129597
889 20 0.0172114
890 20 0.0209185
891 20 0.0180477
892 20 0.0226681
893 20 0.020429
894 20 0.0194399
895 20 0.0159851
896 20 0.0201278
897 20 0.0166978
898 20 0.0217678
899 20 0.0156557
900 20 0.0188509
901 20 0.0158794
902 20 0.0161161
903 20 0.0175565
904 20 0.0187396
905 20 0.0184524
906 20 0.0187238
907 20 0.0209905
908 20 0.0249612
909 20 0.0229345
910 20 0.0245296
911 20 0.0157356
912 20 0.0167888
913 20 0.0167871
914 20 0.0147773
915 20 0.0151409
916 20 0.0152365
917 20 0.0184687
918 20 0.0173576
919 20 0.0179758
920 20 0.0167421
921 20 0.0144856
922 20 0.0166044
923 20 0.0191358
924 20 0.0134577
925 20 0.0189852
926 20 0.0196287
927 20 0.0160031
928 20 0.0169456
929 20 0.0232026
930 20 0.0157412
931 20 0.0205482
932 20 0.0194848
933 20 0.0191701
934 20 0.0161779
935 20 0.0172277
936 20 0.0165072
937 20 0.0204318
938 20 0.0202739
939 20 0.0152826
940 20 0.0179696
941 20 0.0159109
942 20 0.0216975
943 20 0.0197833
944 20 0.0193353
945 20 0.0186581
946 20 0.0184451
947 20 0.0228513
948 20 0.023976
949 20 0.02327
950 20 0.0216672
951 20 0.0182664
952 20 0.017371
953 20 0.0208455
954 20 0.0249601
955 20 0.0178274
956 20 0.0177364
957 20 0.0188784
958 20 0.0216958
959 20 0.0196068
960 20 0.0221078
961 20 0.0174756
962 20 0.0241839
963 20 0.0231099
964 20 0.0219577
965 20 0.0176133
966 20 0.0227513
967 20 0.0184883
968 20 0.0201171
969 20 0.0224231
970 20 0.0182051
971 20 0.018259
972 20 0.0231262
973 20 0.0238186
974 20 0.0210759
975 20 0.0199839
976 20 0.0232487
977 20 0.0212715
978 20 0.0204577
979 20 0.0209635
980 20 0.0210855
981 20 0.0206909
982 20 0.030115
983 20 0.0239377
984 20 0.0232594
985 20 0.0232864
986 20 0.0220937
987 20 0.0193168
988 20 0.0200665
989 20 0.0247583
990 20 0.0205825
991 20 0.0172777
992 20 0.0218144
993 20 0.0202913
994 20 0.020932
995 20 0.0212041
996 20 0.0179488
997 20 0.0184378
998 20 0.0270851
999 20 0.0209292
1000 20 0.016369
