1 20 0.0216184
2 20 0.0208754
3 20 0.0187846
4 20 0.0204392
5 20 0.0158048
6 20 0.0208304
7 20 0.0222282
8 20 0.0156154
9 20 0.0176392
10 20 0.0225423
11 20 0.0183575
12 20 0.0137472
13 20 0.0172767
14 20 0.0150101
15 20 0.0200734
16 20 0.0146065
17 20 0.0160712
18 20 0.0136668
19 20 0.0121263
20 20 0.0145655
21 20 0.0162448
22 20 0.0181844
23 20 0.015698
24 20 0.0216251
25 20 0.0161869
26 20 0.0174689
27 20 0.0178657
28 20 0.0173419
29 20 0.015381
30 20 0.0146206
31 20 0.013057
32 20 0.0134156
33 20 0.0139343
34 20 0.0149454
35 20 0.015182
36 20 0.011489
37 20 0.0108286
38 20 0.0118037
39 20 0.012078
40 20 0.0119425
41 20 0.0147217
42 20 0.0126462
43 20 0.0153563
44 20 0.0153669
45 20 0.0133155
46 20 0.0176639
47 20 0.0166798
48 20 0.0166124
49 20 0.0169665
50 20 0.0217195
51 20 0.0168018
52 20 0.0165922
53 20 0.0255969
54 20 0.0158582
55 20 0.014362
56 20 0.017529
57 20 0.0156569
58 20 0.018734
59 20 0.0197243
60 20 0.0115665
61 20 0.0157986
62 20 0.0156024
63 20 0.0130913
64 20 0.0143733
65 20 0.0109871
66 20 0.0126973
67 20 0.0105515
68 20 0.0125838
69 20 0.0153158
70 20 0.0152203
71 20 0.0124028
72 20 0.016559
73 20 0.0123826
74 20 0.0141822
75 20 0.0138753
76 20 0.01356
77 20 0.0163443
78 20 0.0114328
79 20 0.0153433
80 20 0.0162746
81 20 0.0143103
82 20 0.0121387
83 20 0.0150528
84 20 0.02012
85 20 0.0133824
86 20 0.0187189
87 20 0.0223456
88 20 0.0156648
89 20 0.0215756
90 20 0.0230616
91 20 0.0166186
92 20 0.0145441
93 20 0.0148274
94 20 0.0142952
95 20 0.0143643
96 20 0.0159155
97 20 0.0129542
98 20 0.0145408
99 20 0.0130789
100 20 0.0150308
101 20 0.0176538
102 20 0.0179399
103 20 0.0127333
104 20 0.0219146
105 20 0.0132481
106 20 0.0125175
107 20 0.013066
108 20 0.013306
109 20 0.0164387
110 20 0.0120218
111 20 0.00991865
112 20 0.0131936
113 20 0.0149415
114 20 0.0121055
115 20 0.00933695
116 20 0.00991022
117 20 0.00969608
118 20 0.0114164
119 20 0.00969215
120 20 0.012332
121 20 0.0117868
122 20 0.012323
123 20 0.010031
124 20 0.010941
125 20 0.0154383
126 20 0.0118037
127 20 0.00921668
128 20 0.010638
129 20 0.0107207
130 20 0.0151371
131 20 0.0181085
132 20 0.00927233
133 20 0.0147082
134 20 0.0115991
135 20 0.0150679
136 20 0.015286
137 20 0.0114378
138 20 0.0089351
139 20 0.0134459
140 20 0.00902953
141 20 0.0087384
142 20 0.00854337
143 20 0.0157222
144 20 0.00932627
145 20 0.0102671
146 20 0.00783747
147 20 0.0136106
148 20 0.0101266
149 20 0.00983547
150 20 0.00892611
151 20 0.00871535
152 20 0.0135971
153 20 0.0110478
154 20 0.0122016
155 20 0.0097388
156 20 0.0102087
157 20 0.00983827
158 20 0.011032
159 20 0.0128575
160 20 0.0109989
161 20 0.0132706
162 20 0.0114963
163 20 0.0133914
164 20 0.0184924
165 20 0.0141979
166 20 0.0150073
167 20 0.00883619
168 20 0.0103424
169 20 0.00982085
170 20 0.00724003
171 20 0.00861418
172 20 0.0077807
173 20 0.00991753
174 20 0.0119341
175 20 0.0112771
176 20 0.0105166
177 20 0.00986975
178 20 0.0130497
179 20 0.0162971
180 20 0.0102401
181 20 0.00711301
182 20 0.0115097
183 20 0.0111006
184 20 0.00808195
185 20 0.0118829
186 20 0.0119178
187 20 0.0127979
188 20 0.00853663
189 20 0.0125647
190 20 0.00824381
191 20 0.00866196
192 20 0.011893
193 20 0.0106386
194 20 0.00701297
195 20 0.00947071
196 20 0.00717821
197 20 0.0070894
198 20 0.00742213
199 20 0.00675613
200 20 0.00888171
201 20 0.00706412
202 20 0.00913012
203 20 0.00972082
204 20 0.0118503
205 20 0.0120499
206 20 0.0144727
207 20 0.00978994
208 20 0.0109736
209 20 0.00989673
210 20 0.0165416
211 20 0.0105133
212 20 0.00812017
213 20 0.00894522
214 20 0.00831181
215 20 0.00911214
216 20 0.00994507
217 20 0.00818929
218 20 0.0116075
219 20 0.011879
220 20 0.00671622
221 20 0.00630651
222 20 0.0118841
223 20 0.00989279
224 20 0.0108943
225 20 0.00883001
226 20 0.00929985
227 20 0.01119
228 20 0.0079465
229 20 0.015703
230 20 0.00748788
231 20 0.0061823
232 20 0.0125416
233 20 0.00722205
234 20 0.0115058
235 20 0.00976522
236 20 0.00764357
237 20 0.0072243
238 20 0.00838544
239 20 0.00679771
240 20 0.00753509
241 20 0.0116317
242 20 0.00936842
243 20 0.00866814
244 20 0.00787568
245 20 0.00826685
246 20 0.011639
247 20 0.0114496
248 20 0.010864
249 20 0.00734288
250 20 0.0093583
251 20 0.00646556
252 20 0.0111444
253 20 0.00631662
254 20 0.00999677
255 20 0.00739459
256 20 0.00610361
257 20 0.00880471
258 20 0.0158233
259 20 0.00851864
260 20 0.0101406
261 20 0.00744629
262 20 0.00751205
263 20 0.00925209
264 20 0.00688258
265 20 0.00917565
266 20 0.0089188
267 20 0.0109483
268 20 0.00937911
269 20 0.011861
270 20 0.0114361
271 20 0.0107791
272 20 0.0103863
273 20 0.0128816
274 20 0.0104217
275 20 0.00932627
276 20 0.0107342
277 20 0.00970958
278 20 0.0111411
279 20 0.0095331
280 20 0.00662236
281 20 0.00710177
282 20 0.00818142
283 20 0.00935213
284 20 0.00921162
285 20 0.00777845
286 20 0.00762502
287 20 0.0103104
288 20 0.00527912
289 20 0.00541176
290 20 0.00699499
291 20 0.00813477
292 20 0.00741706
293 20 0.00580574
294 20 0.00585913
295 20 0.00965225
296 20 0.00670386
297 20 0.00548707
298 20 0.00725127
299 20 0.00670048
300 20 0.00856979
301 20 0.00858833
302 20 0.0076964
303 20 0.00625087
304 20 0.00894803
305 20 0.0114131
306 20 0.00654143
307 20 0.00879853
308 20 0.00698037
309 20 0.010379
310 20 0.00883506
311 20 0.00629133
312 20 0.00626098
313 20 0.00618623
314 20 0.00497956
315 20 0.00798809
316 20 0.00452937
317 20 0.00424218
318 20 0.00707648
319 20 0.00460468
320 20 0.00625423
321 20 0.00539265
322 20 0.00576808
323 20 0.00537129
324 20 0.00475025
325 20 0.0062621
326 20 0.00513187
327 20 0.00584958
328 20 0.00697924
329 20 0.00462773
330 20 0.00440404
331 20 0.00585745
332 20 0.00737492
333 20 0.00507679
334 20 0.00618173
335 20 0.00448217
336 20 0.00496551
337 20 0.00505206
338 20 0.00539658
339 20 0.00628177
340 20 0.00731759
341 20 0.0054674
342 20 0.00553315
343 20 0.00576359
344 20 0.00520886
345 20 0.00477723
346 20 0.00475025
347 20 0.00455579
348 20 0.00441135
349 20 0.00450914
350 20 0.00449734
351 20 0.00471709
352 20 0.00489975
353 20 0.00467662
354 20 0.00463391
355 20 0.00492954
356 20 0.00554946
357 20 0.00496888
358 20 0.00467438
359 20 0.00469798
360 20 0.00466876
361 20 0.00473114
362 20 0.00487165
363 20 0.00476824
364 20 0.0047761
365 20 0.00492504
366 20 0.00482331
367 20 0.00504082
368 20 0.00508915
369 20 0.00554608
370 20 0.00498686
371 20 0.00456703
372 20 0.00473114
373 20 0.00527013
374 20 0.00532296
375 20 0.00523697
376 20 0.00503463
377 20 0.00481095
378 20 0.00504026
379 20 0.00504756
380 20 0.00538815
381 20 0.00514704
382 20 0.00509365
383 20 0.00542637
384 20 0.00526057
385 20 0.00518076
386 20 0.00504476
387 20 0.00511163
388 20 0.00524652
389 20 0.00519425
390 20 0.00561521
391 20 0.00579899
392 20 0.00647062
393 20 0.00584733
394 20 0.00569614
395 20 0.00567029
396 20 0.0058507
397 20 0.0056242
398 20 0.00624805
399 20 0.00606146
400 20 0.00631999
401 20 0.00682525
402 20 0.00769808
403 20 0.00751374
404 20 0.0077807
405 20 0.00697756
406 20 0.00759018
407 20 0.00862768
408 20 0.00927738
409 20 0.0100243
410 20 0.0117126
411 20 0.0138416
412 20 0.0162724
413 20 0.0199958
414 20 0.0265631
415 20 0.0311223
416 20 0.0365351
417 20 0.046121
418 20 0.0579484
419 20 0.0704063
420 20 0.0873974
421 20 0.100469
422 20 0.123931
423 20 0.149066
424 20 0.180512
425 20 0.208777
426 20 0.241529
427 20 0.274778
428 20 0.314142
429 20 0.350971
430 20 0.391205
431 20 0.430227
432 20 0.466724
433 20 0.504674
434 20 0.540229
435 20 0.575278
436 20 0.597384
437 20 0.634361
438 20 0.651401
439 20 0.677483
440 20 0.693444
441 20 0.70095
442 20 0.717138
443 20 0.723795
444 20 0.738255
445 20 0.741838
446 20 0.740264
447 20 0.746729
448 20 0.74927
449 20 0.751636
450 20 0.757907
451 20 0.7518
452 20 0.757518
453 20 0.754665
454 20 0.753858
455 20 0.760269
456 20 0.759986
457 20 0.760587
458 20 0.757055
459 20 0.757997
460 20 0.764244
461 20 0.757947
462 20 0.75755
463 20 0.756909
464 20 0.759794
465 20 0.760476
466 20 0.757908
467 20 0.753747
468 20 0.757783
469 20 0.74966
470 20 0.759944
471 20 0.757033
472 20 0.745668
473 20 0.75112
474 20 0.750468
475 20 0.749863
476 20 0.750511
477 20 0.750065
478 20 0.738157
479 20 0.749467
480 20 0.749384
481 20 0.740801
482 20 0.739766
483 20 0.741197
484 20 0.743854
485 20 0.74365
486 20 0.739721
487 20 0.734524
488 20 0.738129
489 20 0.743958
490 20 0.742552
491 20 0.741159
492 20 0.734348
493 20 0.739509
494 20 0.74319
495 20 0.742816
496 20 0.739545
497 20 0.734044
498 20 0.738107
499 20 0.743559
500 20 0.740832
501 20 0.739942
502 20 0.735491
503 20 0.729748
504 20 0.73882
505 20 0.742652
506 20 0.746526
507 20 0.732168
508 20 0.727058
509 20 0.737525
510 20 0.740477
511 20 0.744457
512 20 0.735812
513 20 0.727798
514 20 0.73448
515 20 0.741189
516 20 0.736481
517 20 0.72763
518 20 0.73449
519 20 0.736179
520 20 0.737295
521 20 0.733267
522 20 0.728702
523 20 0.732888
524 20 0.741039
525 20 0.732817
526 20 0.736161
527 20 0.725863
528 20 0.728251
529 20 0.738436
530 20 0.73753
531 20 0.733542
532 20 0.732639
533 20 0.731571
534 20 0.731772
535 20 0.742611
536 20 0.738208
537 20 0.726144
538 20 0.728515
539 20 0.735439
540 20 0.74303
541 20 0.735385
542 20 0.729316
543 20 0.739216
544 20 0.734232
545 20 0.736886
546 20 0.742137
547 20 0.732716
548 20 0.735442
549 20 0.738846
550 20 0.740343
551 20 0.741283
552 20 0.73087
553 20 0.734418
554 20 0.736767
555 20 0.736719
556 20 0.72751
557 20 0.725208
558 20 0.728418
559 20 0.728227
560 20 0.725373
561 20 0.713383
562 20 0.711727
563 20 0.705253
564 20 0.70025
565 20 0.691041
566 20 0.679956
567 20 0.667707
568 20 0.654007
569 20 0.636021
570 20 0.60878
571 20 0.580162
572 20 0.554301
573 20 0.517291
574 20 0.478818
575 20 0.435655
576 20 0.391139
577 20 0.345363
578 20 0.300598
579 20 0.256519
580 20 0.218183
581 20 0.184413
582 20 0.155552
583 20 0.129145
584 20 0.108836
585 20 0.0923422
586 20 0.0792559
587 20 0.0695795
588 20 0.0594388
589 20 0.0507639
590 20 0.0424235
591 20 0.0346225
592 20 0.0307834
593 20 0.0254778
594 20 0.0217055
595 20 0.017601
596 20 0.013587
597 20 0.0108331
598 20 0.00939315
599 20 0.00767167
600 20 0.00745866
601 20 0.00580911
602 20 0.0058344
603 20 0.00580686
604 20 0.00517795
605 20 0.00570513
606 20 0.00591421
607 20 0.00478622
608 20 0.00535162
609 20 0.00528586
610 20 0.00539939
611 20 0.0053179
612 20 0.00569502
613 20 0.00543424
614 20 0.00555283
615 20 0.00498574
616 20 0.00514704
617 20 0.00452319
618 20 0.00470079
619 20 0.00465527
620 20 0.00487502
621 20 0.00518582
622 20 0.00499754
623 20 0.00504475
624 20 0.00522123
625 20 0.00463054
626 20 0.00506049
627 20 0.00456984
628 20 0.0044535
629 20 0.0041989
630 20 0.00456422
631 20 0.00446474
632 20 0.00451027
633 20 0.00456028
634 20 0.00412359
635 20 0.00418935
636 20 0.00431075
637 20 0.00413652
638 20 0.0041826
639 20 0.00430737
640 20 0.00427646
641 20 0.00441866
642 20 0.00471147
643 20 0.0045468
644 20 0.0043928
645 20 0.00480533
646 20 0.00546908
647 20 0.00496551
648 20 0.00461874
649 20 0.00442821
650 20 0.00451926
651 20 0.00428545
652 20 0.00437032
653 20 0.00452769
654 20 0.00455691
655 20 0.0048739
656 20 0.00460019
657 20 0.00445631
658 20 0.00501272
659 20 0.00476205
660 20 0.00524484
661 20 0.00463166
662 20 0.00494977
663 20 0.00491436
664 20 0.00479522
665 20 0.00462436
666 20 0.00452094
667 20 0.00444282
668 20 0.00491493
669 20 0.00510377
670 20 0.00511669
671 20 0.0049419
672 20 0.00584115
673 20 0.00453668
674 20 0.00634922
675 20 0.0050234
676 20 0.00840905
677 20 0.00706412
678 20 0.00554496
679 20 0.00856135
680 20 0.00795268
681 20 0.00785994
682 20 0.0120431
683 20 0.00775541
684 20 0.00934426
685 20 0.0127271
686 20 0.0135842
687 20 0.0107117
688 20 0.00811398
689 20 0.00872547
690 20 0.0124034
691 20 0.0111905
692 20 0.00702309
693 20 0.00857035
694 20 0.00877043
695 20 0.00949488
696 20 0.00948589
697 20 0.00968428
698 20 0.00989223
699 20 0.00732546
700 20 0.0073856
701 20 0.00674882
702 20 0.00632
703 20 0.00742606
704 20 0.00783297
705 20 0.00830844
706 20 0.00781442
707 20 0.0104425
708 20 0.00817693
709 20 0.00735974
710 20 0.00973319
711 20 0.0092341
712 20 0.0104846
713 20 0.00755702
714 20 0.00854112
715 20 0.00971294
716 20 0.00736536
717 20 0.00874346
718 20 0.00808419
719 20 0.00815051
720 20 0.00890026
721 20 0.00863667
722 20 0.00934201
723 20 0.00784421
724 20 0.00757107
725 20 0.00804598
726 20 0.00811623
727 20 0.00976297
728 20 0.010946
729 20 0.00703714
730 20 0.0106515
731 20 0.00652682
732 20 0.00647342
733 20 0.00621883
734 20 0.00697587
735 20 0.00659595
736 20 0.00661169
737 20 0.00954378
738 20 0.00683425
739 20 0.0108831
740 20 0.00754746
741 20 0.0124815
742 20 0.0108117
743 20 0.0143688
744 20 0.010103
745 20 0.0095612
746 20 0.0106825
747 20 0.00940215
748 20 0.00816681
749 20 0.00917003
750 20 0.00903851
751 20 0.0103778
752 20 0.00894128
753 20 0.00998778
754 20 0.0162673
755 20 0.0134544
756 20 0.010955
757 20 0.00998834
758 20 0.00897389
759 20 0.0130368
760 20 0.0101935
761 20 0.0096798
762 20 0.0122741
763 20 0.011118
764 20 0.00994001
765 20 0.00861587
766 20 0.00852482
767 20 0.00906099
768 20 0.00778519
769 20 0.00855967
770 20 0.00895533
771 20 0.00900086
772 20 0.010737
773 20 0.00955839
774 20 0.00960673
775 20 0.0112922
776 20 0.00812859
777 20 0.00862823
778 20 0.00833374
779 20 0.00799708
780 20 0.00873559
781 20 0.00789422
782 20 0.00999397
783 20 0.00708042
784 20 0.00875526
785 20 0.0077897
786 20 0.00882888
787 20 0.013469
788 20 0.0126698
789 20 0.0111922
790 20 0.00878842
791 20 0.00773012
792 20 0.0100294
793 20 0.00759692
794 20 0.00792795
795 20 0.00707704
796 20 0.00754465
797 20 0.00821458
798 20 0.00997766
799 20 0.0105268
800 20 0.0080145
801 20 0.00822638
802 20 0.0115637
803 20 0.0120341
804 20 0.0115929
805 20 0.0146751
806 20 0.0071147
807 20 0.00922117
808 20 0.00892217
809 20 0.00901322
810 20 0.00936224
811 20 0.00828147
812 20 0.00977533
813 20 0.00898232
814 20 0.0105313
815 20 0.0091571
816 20 0.010982
817 20 0.0135353
818 20 0.0123758
819 20 0.00742326
820 20 0.00709503
821 20 0.0068393
822 20 0.00708884
823 20 0.00963764
824 20 0.00923298
825 20 0.00903402
826 20 0.00729061
827 20 0.00897894
828 20 0.00699218
829 20 0.00903683
830 20 0.00913295
831 20 0.00777059
832 20 0.0077644
833 20 0.00985008
834 20 0.008771
835 20 0.0105183
836 20 0.00877436
837 20 0.00954491
838 20 0.010416
839 20 0.0080516
840 20 0.0131509
841 20 0.00783129
842 20 0.0123118
843 20 0.0127895
844 20 0.00892161
845 20 0.00946172
846 20 0.00972756
847 20 0.00811961
848 20 0.0100895
849 20 0.00977758
850 20 0.0115013
851 20 0.0127912
852 20 0.00973431
853 20 0.0135617
854 20 0.0147661
855 20 0.00978039
856 20 0.0131492
857 20 0.0134285
858 20 0.0121988
859 20 0.0103587
860 20 0.0103632
861 20 0.0112001
862 20 0.00874626
863 20 0.0097995
864 20 0.00878054
865 20 0.00853944
866 20 0.00796729
867 20 0.010579
868 20 0.00835847
869 20 0.0122145
870 20 0.00758455
871 20 0.00934314
872 20 0.0110433
873 20 0.0100895
874 20 0.0175498
875 20 0.0122325
876 20 0.0102986
877 20 0.00722598
878 20 0.00999565
879 20 0.00949825
880 20 0.00930492
881 20 0.0136393
882 20 0.0111405
883 20 0.0131374
884 20 0.00855067
885 20 0.00856866
886 20 0.0115811
887 20 0.0133161
888 20 0.00935774
889 20 0.0126776
890 20 0.0103295
891 20 0.0140316
892 20 0.0136128
893 20 0.013143
894 20 0.0115744
895 20 0.014729
896 20 0.0146616
897 20 0.0215228
898 20 0.0187132
899 20 0.0151016
900 20 0.01385
901 20 0.0185351
902 20 0.0153214
903 20 0.012604
904 20 0.0138832
905 20 0.0126023
906 20 0.0137219
907 20 0.0102845
908 20 0.00827921
909 20 0.0105678
910 20 0.0144666
911 20 0.0130598
912 20 0.0106954
913 20 0.0121634
914 20 0.00990236
915 20 0.0108556
916 20 0.0105835
917 20 0.0131036
918 20 0.0082781
919 20 0.0127496
920 20 0.00897501
921 20 0.00871422
922 20 0.0107398
923 20 0.0136747
924 20 0.011897
925 20 0.0126304
926 20 0.0122022
927 20 0.00997205
928 20 0.0103379
929 20 0.0126265
930 20 0.0130694
931 20 0.0149668
932 20 0.0135297
933 20 0.0136426
934 20 0.0147139
935 20 0.0133594
936 20 0.0153979
937 20 0.0159374
938 20 0.0225879
939 20 0.0137028
940 20 0.0173262
941 20 0.0157508
942 20 0.0208978
943 20 0.0218786
944 20 0.0167984
945 20 0.015041
946 20 0.0194484
947 20 0.018317
948 20 0.0145464
949 20 0.0191005
950 20 0.0180023
951 20 0.0174582
952 20 0.0174088
953 20 0.0185677
954 20 0.0163999
955 20 0.0191331
956 20 0.0241087
957 20 0.0217105
958 20 0.0201475
959 20 0.0246089
960 20 0.0194939
961 20 0.0248798
962 20 0.0192843
963 20 0.019277
964 20 0.02794
965 20 0.0246466
966 20 0.0248051
967 20 0.0225907
968 20 0.0224074
969 20 0.0247455
970 20 0.0174037
971 20 0.0168456
972 20 0.0230414
973 20 0.0211957
974 20 0.0182136
975 20 0.0161566
976 20 0.0182929
977 20 0.0201149
978 20 0.0180489
979 20 0.0238766
980 20 0.0172284
981 20 0.0190482
982 20 0.0184289
983 20 0.0228374
984 20 0.0193843
985 20 0.0198137
986 20 0.0182383
987 20 0.0180045
988 20 0.0222703
989 20 0.0204274
990 20 0.0236518
991 20 0.0242711
992 20 0.023341
993 20 0.0226435
994 20 0.0256481
995 20 0.0265777
996 20 0.0213048
997 20 0.0262506
998 20 0.0243313
999 20 0.0221742
1000 20 0.0215273
