1 20 0.00734901
2 20 0.00723717
3 20 0.00769578
4 20 0.00761709
5 20 0.00724841
6 20 0.00679148
7 20 0.00678362
8 20 0.00672854
9 20 0.00660883
10 20 0.00695897
11 20 0.00719277
12 20 0.00711858
13 20 0.00731473
14 20 0.00716804
15 20 0.00677406
16 20 0.0075002
17 20 0.00704159
18 20 0.00728663
19 20 0.00743949
20 20 0.00787619
21 20 0.00799309
22 20 0.00801782
23 20 0.00877374
24 20 0.00838313
25 20 0.00878891
26 20 0.00939871
27 20 0.00860794
28 20 0.00865122
29 20 0.00843259
30 20 0.00847587
31 20 0.00767723
32 20 0.00772838
33 20 0.00732372
34 20 0.00822296
35 20 0.00838538
36 20 0.00794082
37 20 0.00812292
38 20 0.00825668
39 20 0.00775873
40 20 0.00747153
41 20 0.0087715
42 20 0.00808133
43 20 0.00799927
44 20 0.00736756
45 20 0.00716804
46 20 0.00747547
47 20 0.00797286
48 20 0.00862818
49 20 0.00787394
50 20 0.00792565
51 20 0.00774804
52 20 0.00745973
53 20 0.00770871
54 20 0.00783685
55 20 0.00736587
56 20 0.00785876
57 20 0.00803355
58 20 0.00798578
59 20 0.00772725
60 20 0.00786439
61 20 0.00803974
62 20 0.00947683
63 20 0.00847755
64 20 0.0098073
65 20 0.01014
66 20 0.00856748
67 20 0.00826005
68 20 0.00894796
69 20 0.00846294
70 20 0.00813585
71 20 0.00795655
72 20 0.00727763
73 20 0.00714219
74 20 0.0067336
75 20 0.00689377
76 20 0.00703372
77 20 0.00706463
78 20 0.00681116
79 20 0.00723211
80 20 0.00750357
81 20 0.0067572
82 20 0.00695278
83 20 0.00683814
84 20 0.00734451
85 20 0.00768397
86 20 0.00761878
87 20 0.0072574
88 20 0.00741758
89 20 0.00768735
90 20 0.00773962
91 20 0.00718715
92 20 0.00738386
93 20 0.00739285
94 20 0.00717759
95 20 0.00735744
96 20 0.00779526
97 20 0.00794026
98 20 0.00818193
99 20 0.0083837
100 20 0.0081943
101 20 0.00882881
102 20 0.00856355
103 20 0.0085686
104 20 0.0076216
105 20 0.00764295
106 20 0.00774411
107 20 0.00782111
108 20 0.00761597
109 20 0.00770252
110 20 0.00727032
111 20 0.00778795
112 20 0.00764013
113 20 0.00828759
114 20 0.00833255
115 20 0.00838426
116 20 0.00789024
117 20 0.00773287
118 20 0.00786663
119 20 0.00745804
120 20 0.00741308
121 20 0.00774748
122 20 0.00766149
123 20 0.00834997
124 20 0.00754685
125 20 0.00704889
126 20 0.00783122
127 20 0.00798129
128 20 0.00808414
129 20 0.00775142
130 20 0.0077812
131 20 0.00756426
132 20 0.00716579
133 20 0.00773793
134 20 0.00781155
135 20 0.0072501
136 20 0.00784584
137 20 0.00734339
138 20 0.00790205
139 20 0.00755752
140 20 0.00771713
141 20 0.00778346
142 20 0.00806503
143 20 0.00830333
144 20 0.00779132
145 20 0.0080358
146 20 0.00808526
147 20 0.00754741
148 20 0.00767274
149 20 0.00760642
150 20 0.00792509
151 20 0.00817687
152 20 0.00699944
153 20 0.00684656
154 20 0.00713713
155 20 0.00707924
156 20 0.00769803
157 20 0.00794925
158 20 0.00743781
159 20 0.00743331
160 20 0.00738779
161 20 0.0071079
162 20 0.00705283
163 20 0.00668976
164 20 0.00718209
165 20 0.00712084
166 20 0.0069511
167 20 0.006846
168 20 0.00660489
169 20 0.00748165
170 20 0.00682971
171 20 0.00741589
172 20 0.00753673
173 20 0.00809819
174 20 0.00849385
175 20 0.00801726
176 20 0.00771658
177 20 0.00757832
178 20 0.00813641
179 20 0.0081454
180 20 0.008459
181 20 0.00791103
182 20 0.0078908
183 20 0.00778571
184 20 0.00828422
185 20 0.00803636
186 20 0.00824262
187 20 0.00812798
188 20 0.00826566
189 20 0.00838202
190 20 0.00845282
191 20 0.00927562
192 20 0.0079515
193 20 0.00814821
194 20 0.00900304
195 20 0.00893954
196 20 0.00894853
197 20 0.00968815
198 20 0.0091368
199 20 0.0090036
200 20 0.00874114
201 20 0.00895752
202 20 0.00856748
203 20 0.00858603
204 20 0.00915029
205 20 0.00885636
206 20 0.00903958
207 20 0.0085079
208 20 0.00842135
209 20 0.00891705
210 20 0.00888727
211 20 0.00825106
212 20 0.00871417
213 20 0.00888895
214 20 0.00788912
215 20 0.00890244
216 20 0.00937623
217 20 0.0089609
218 20 0.00982585
219 20 0.00973143
220 20 0.00939814
221 20 0.00930597
222 20 0.00918402
223 20 0.00953416
224 20 0.00906431
225 20 0.00947627
226 20 0.0103249
227 20 0.00989835
228 20 0.00874058
229 20 0.00928237
230 20 0.00907218
231 20 0.00861188
232 20 0.00861637
233 20 0.00914467
234 20 0.00941332
235 20 0.00947402
236 20 0.00917783
237 20 0.00925764
238 20 0.00949031
239 20 0.010099
240 20 0.00940489
241 20 0.0103716
242 20 0.00903003
243 20 0.00891255
244 20 0.00895528
245 20 0.00859276
246 20 0.00815158
247 20 0.00872709
248 20 0.00847193
249 20 0.00816226
250 20 0.00845395
251 20 0.00849384
252 20 0.00828984
253 20 0.00876756
254 20 0.00894122
255 20 0.00919076
256 20 0.00939478
257 20 0.00932564
258 20 0.0092211
259 20 0.00943974
260 20 0.00845732
261 20 0.00910646
262 20 0.00885916
263 20 0.0089283
264 20 0.00842248
265 20 0.00862593
266 20 0.00857029
267 20 0.00863829
268 20 0.00790149
269 20 0.00869056
270 20 0.00842922
271 20 0.00817237
272 20 0.00904239
273 20 0.0092745
274 20 0.00836403
275 20 0.00827634
276 20 0.00831794
277 20 0.00884287
278 20 0.00877711
279 20 0.00932621
280 20 0.00955495
281 20 0.00876474
282 20 0.00818418
283 20 0.00806053
284 20 0.00935655
285 20 0.00979663
286 20 0.00927393
287 20 0.00929586
288 20 0.00973705
289 20 0.00915929
290 20 0.00948807
291 20 0.00892212
292 20 0.0092953
293 20 0.00883388
294 20 0.00950718
295 20 0.00924134
296 20 0.0100495
297 20 0.00925989
298 20 0.00905981
299 20 0.00927001
300 20 0.00874788
301 20 0.00907948
302 20 0.00852813
303 20 0.00883668
304 20 0.00851577
305 20 0.00832356
306 20 0.00886423
307 20 0.00888783
308 20 0.00891369
309 20 0.00881589
310 20 0.00921099
311 20 0.00970951
312 20 0.0098354
313 20 0.00990903
314 20 0.00967522
315 20 0.00974716
316 20 0.0109578
317 20 0.0101541
318 20 0.0105537
319 20 0.011028
320 20 0.0105154
321 20 0.010294
322 20 0.0103547
323 20 0.0095409
324 20 0.0085124
325 20 0.00888222
326 20 0.00915142
327 20 0.00860177
328 20 0.00878948
329 20 0.00819093
330 20 0.00783122
331 20 0.00810887
332 20 0.00828197
333 20 0.00914467
334 20 0.00987699
335 20 0.00904857
336 20 0.00959149
337 20 0.009202
338 20 0.00843765
339 20 0.00877261
340 20 0.00807121
341 20 0.00800433
342 20 0.00827129
343 20 0.00848823
344 20 0.00830839
345 20 0.00795655
346 20 0.00803355
347 20 0.00823364
348 20 0.00849161
349 20 0.00893672
350 20 0.00908342
351 20 0.00897494
352 20 0.00891031
353 20 0.0091885
354 20 0.00918346
355 20 0.00895415
356 20 0.00837583
357 20 0.00819317
358 20 0.00864953
359 20 0.00786888
360 20 0.00875631
361 20 0.0088749
362 20 0.00885186
363 20 0.00792339
364 20 0.00766993
365 20 0.00786664
366 20 0.00737205
367 20 0.00760698
368 20 0.00737093
369 20 0.00747265
370 20 0.00732203
371 20 0.00726527
372 20 0.00770084
373 20 0.00773736
374 20 0.00754235
375 20 0.00695559
376 20 0.00684657
377 20 0.00733608
378 20 0.00771264
379 20 0.00742657
380 20 0.00655881
381 20 0.00673922
382 20 0.00718883
383 20 0.00731136
384 20 0.00749457
385 20 0.00784696
386 20 0.00751031
387 20 0.00769466
388 20 0.00805997
389 20 0.00783066
390 20 0.00804761
391 20 0.00798017
392 20 0.00822745
393 20 0.00835896
394 20 0.00845283
395 20 0.00805996
396 20 0.00863886
397 20 0.00871697
398 20 0.00929867
399 20 0.00898787
400 20 0.009125
401 20 0.00934194
402 20 0.00871023
403 20 0.00870292
404 20 0.00849497
405 20 0.00834772
406 20 0.00905813
407 20 0.00861413
408 20 0.00893673
409 20 0.00912219
410 20 0.00974941
411 20 0.0094521
412 20 0.0105143
413 20 0.0104216
414 20 0.0126213
415 20 0.0136549
416 20 0.016601
417 20 0.0205537
418 20 0.0255439
419 20 0.0339327
420 20 0.0462753
421 20 0.0653621
422 20 0.086855
423 20 0.116937
424 20 0.153896
425 20 0.19945
426 20 0.248405
427 20 0.302832
428 20 0.355854
429 20 0.415958
430 20 0.47329
431 20 0.52933
432 20 0.576245
433 20 0.611529
434 20 0.638178
435 20 0.672789
436 20 0.705262
437 20 0.715505
438 20 0.730069
439 20 0.735358
440 20 0.744692
441 20 0.758626
442 20 0.764122
443 20 0.76378
444 20 0.765265
445 20 0.767528
446 20 0.773576
447 20 0.772251
448 20 0.775846
449 20 0.779953
450 20 0.776019
451 20 0.777328
452 20 0.772058
453 20 0.779951
454 20 0.784853
455 20 0.780919
456 20 0.777152
457 20 0.772182
458 20 0.779552
459 20 0.782023
460 20 0.781469
461 20 0.775667
462 20 0.777824
463 20 0.788324
464 20 0.778706
465 20 0.772382
466 20 0.781374
467 20 0.778595
468 20 0.775724
469 20 0.780629
470 20 0.775671
471 20 0.780764
472 20 0.780517
473 20 0.772327
474 20 0.775276
475 20 0.778174
476 20 0.781076
477 20 0.779423
478 20 0.772155
479 20 0.776955
480 20 0.774838
481 20 0.779052
482 20 0.774569
483 20 0.776893
484 20 0.778675
485 20 0.777841
486 20 0.772647
487 20 0.776328
488 20 0.775007
489 20 0.776747
490 20 0.778254
491 20 0.774965
492 20 0.768721
493 20 0.771986
494 20 0.781949
495 20 0.778964
496 20 0.77715
497 20 0.768202
498 20 0.772646
499 20 0.783462
500 20 0.783061
501 20 0.777919
502 20 0.765404
503 20 0.773127
504 20 0.778695
505 20 0.778716
506 20 0.772037
507 20 0.770088
508 20 0.768877
509 20 0.774403
510 20 0.782947
511 20 0.770896
512 20 0.770616
513 20 0.769216
514 20 0.775748
515 20 0.776373
516 20 0.772822
517 20 0.770452
518 20 0.772616
519 20 0.777369
520 20 0.772271
521 20 0.774106
522 20 0.770129
523 20 0.773226
524 20 0.770734
525 20 0.776784
526 20 0.769438
527 20 0.771258
528 20 0.770355
529 20 0.771252
530 20 0.770785
531 20 0.776913
532 20 0.773926
533 20 0.765452
534 20 0.766099
535 20 0.775048
536 20 0.775106
537 20 0.774397
538 20 0.769303
539 20 0.768191
540 20 0.767559
541 20 0.770691
542 20 0.769876
543 20 0.773518
544 20 0.769926
545 20 0.76985
546 20 0.763649
547 20 0.766877
548 20 0.770233
549 20 0.767149
550 20 0.769555
551 20 0.761936
552 20 0.760262
553 20 0.763292
554 20 0.76371
555 20 0.761286
556 20 0.752313
557 20 0.74789
558 20 0.755874
559 20 0.745409
560 20 0.738571
561 20 0.729077
562 20 0.726247
563 20 0.714596
564 20 0.709781
565 20 0.687848
566 20 0.659969
567 20 0.647682
568 20 0.620309
569 20 0.586726
570 20 0.544013
571 20 0.496555
572 20 0.448061
573 20 0.396566
574 20 0.339669
575 20 0.288489
576 20 0.234882
577 20 0.189967
578 20 0.14893
579 20 0.114845
580 20 0.0907981
581 20 0.0685117
582 20 0.0530651
583 20 0.0394388
584 20 0.0318094
585 20 0.0246835
586 20 0.0204228
587 20 0.0169939
588 20 0.0139033
589 20 0.0125264
590 20 0.0109982
591 20 0.00971737
592 20 0.00866078
593 20 0.00889402
594 20 0.00863829
595 20 0.00862986
596 20 0.00874226
597 20 0.00825612
598 20 0.00763339
599 20 0.00769015
600 20 0.0074631
601 20 0.00690276
602 20 0.0073507
603 20 0.00722705
604 20 0.00793296
605 20 0.00831288
606 20 0.00835784
607 20 0.00834042
608 20 0.00847137
609 20 0.00808863
610 20 0.00766824
611 20 0.00765812
612 20 0.00765306
613 20 0.00778458
614 20 0.00751705
615 20 0.00759574
616 20 0.00701742
617 20 0.00677406
618 20 0.0066032
619 20 0.00638346
620 20 0.00670044
621 20 0.00739172
622 20 0.0074957
623 20 0.00688647
624 20 0.00718434
625 20 0.00684151
626 20 0.00727819
627 20 0.00665885
628 20 0.0066403
629 20 0.00674877
630 20 0.00702248
631 20 0.00725852
632 20 0.0072338
633 20 0.00716242
634 20 0.00732653
635 20 0.00714387
636 20 0.00713263
637 20 0.00699943
638 20 0.00710453
639 20 0.00693986
640 20 0.00725122
641 20 0.00700505
642 20 0.00768792
643 20 0.00782954
644 20 0.00787169
645 20 0.00806728
646 20 0.00745129
647 20 0.00767386
648 20 0.00751818
649 20 0.00690108
650 20 0.0076823
651 20 0.00772556
652 20 0.00754235
653 20 0.00747883
654 20 0.00750582
655 20 0.00776154
656 20 0.0077902
657 20 0.00790991
658 20 0.00769352
659 20 0.00784809
660 20 0.00723099
661 20 0.00695728
662 20 0.00719278
663 20 0.00753111
664 20 0.00701798
665 20 0.00793464
666 20 0.00798634
667 20 0.00717535
668 20 0.0067808
669 20 0.00764126
670 20 0.00758113
671 20 0.00731417
672 20 0.00740577
673 20 0.00775198
674 20 0.00736643
675 20 0.00746253
676 20 0.00741477
677 20 0.00763002
678 20 0.00697526
679 20 0.00724447
680 20 0.00667234
681 20 0.00689433
682 20 0.0071731
683 20 0.00733384
684 20 0.00708767
685 20 0.00683026
686 20 0.00685499
687 20 0.00739791
688 20 0.0069275
689 20 0.00753729
690 20 0.00716467
691 20 0.00743893
692 20 0.00733496
693 20 0.00733553
694 20 0.00774242
695 20 0.00804086
696 20 0.00809481
697 20 0.00824487
698 20 0.00802737
699 20 0.00847137
700 20 0.00845619
701 20 0.00792902
702 20 0.00794419
703 20 0.00763115
704 20 0.00732653
705 20 0.00694548
706 20 0.00669931
707 20 0.00677744
708 20 0.00676282
709 20 0.00693311
710 20 0.00619799
711 20 0.00590686
712 20 0.00625194
713 20 0.00660377
714 20 0.00612268
715 20 0.00639864
716 20 0.00693367
717 20 0.00647057
718 20 0.00708092
719 20 0.00642224
720 20 0.00645933
721 20 0.00737992
722 20 0.0077132
723 20 0.00734732
724 20 0.00775591
725 20 0.00773512
726 20 0.0075238
727 20 0.00767049
728 20 0.00769353
729 20 0.00752604
730 20 0.00718321
731 20 0.00668189
732 20 0.006479
733 20 0.0060794
734 20 0.00625476
735 20 0.00667178
736 20 0.00641661
737 20 0.00612155
738 20 0.00585459
739 20 0.00597205
740 20 0.00602095
741 20 0.00576186
742 20 0.00576972
743 20 0.0065678
744 20 0.00669594
745 20 0.00691064
746 20 0.00615808
747 20 0.006257
748 20 0.00633625
749 20 0.00650991
750 20 0.0062053
751 20 0.00674146
752 20 0.00643516
753 20 0.00660152
754 20 0.00625532
755 20 0.00669988
756 20 0.0068831
757 20 0.00723099
758 20 0.00668976
759 20 0.006035
760 20 0.00672797
761 20 0.00609683
762 20 0.00644247
763 20 0.00636154
764 20 0.00624014
765 20 0.00716411
766 20 0.00644303
767 20 0.00737036
768 20 0.00822014
769 20 0.00720401
770 20 0.00708486
771 20 0.00747153
772 20 0.00803974
773 20 0.00821452
774 20 0.00776547
775 20 0.00805154
776 20 0.00766487
777 20 0.00747772
778 20 0.00724504
779 20 0.0077621
780 20 0.00726527
781 20 0.00765588
782 20 0.00693986
783 20 0.00722312
784 20 0.00692356
785 20 0.00706519
786 20 0.00733946
787 20 0.00696459
788 20 0.00737374
789 20 0.00644584
790 20 0.00677462
791 20 0.006692
792 20 0.0077087
793 20 0.00789755
794 20 0.00766318
795 20 0.00683532
796 20 0.00730911
797 20 0.0066122
798 20 0.00632894
799 20 0.00619124
800 20 0.00607715
801 20 0.00624351
802 20 0.00677181
803 20 0.00643179
804 20 0.00693986
805 20 0.00691288
806 20 0.00684095
807 20 0.00624913
808 20 0.00636154
809 20 0.00720513
810 20 0.00794476
811 20 0.0071051
812 20 0.00745692
813 20 0.00717478
814 20 0.00699887
815 20 0.00672685
816 20 0.00703428
817 20 0.00703653
818 20 0.00674933
819 20 0.00747041
820 20 0.00722256
821 20 0.00731585
822 20 0.00709273
823 20 0.00734227
824 20 0.00696009
825 20 0.0073063
826 20 0.0079352
827 20 0.00746703
828 20 0.00729168
829 20 0.0077902
830 20 0.00774636
831 20 0.00892436
832 20 0.00840449
833 20 0.00847418
834 20 0.00813808
835 20 0.00765363
836 20 0.007811
837 20 0.00775535
838 20 0.00772614
839 20 0.00778009
840 20 0.00816338
841 20 0.00772051
842 20 0.0077458
843 20 0.00820328
844 20 0.00808358
845 20 0.00770197
846 20 0.00855792
847 20 0.00893954
848 20 0.00851914
849 20 0.00793969
850 20 0.00855849
851 20 0.00822408
852 20 0.00926551
853 20 0.00812516
854 20 0.00789529
855 20 0.00842248
856 20 0.00902834
857 20 0.00841011
858 20 0.00884399
859 20 0.00900417
860 20 0.00867145
861 20 0.00875182
862 20 0.00807064
863 20 0.00852757
864 20 0.00772781
865 20 0.0076008
866 20 0.0075845
867 20 0.00814596
868 20 0.0083095
869 20 0.00849441
870 20 0.0077857
871 20 0.00766037
872 20 0.00870067
873 20 0.00905812
874 20 0.00833311
875 20 0.00776491
876 20 0.00784528
877 20 0.00811898
878 20 0.00866246
879 20 0.00760304
880 20 0.00707924
881 20 0.00639975
882 20 0.00640369
883 20 0.00707924
884 20 0.00718715
885 20 0.00657061
886 20 0.00658747
887 20 0.00709497
888 20 0.00713151
889 20 0.0069511
890 20 0.00727033
891 20 0.00695335
892 20 0.00711015
893 20 0.00763452
894 20 0.00756708
895 20 0.00860626
896 20 0.00767724
897 20 0.00810156
898 20 0.00776322
899 20 0.00765082
900 20 0.00787956
901 20 0.00855849
902 20 0.00813303
903 20 0.00757044
904 20 0.00727369
905 20 0.00693986
906 20 0.0071686
907 20 0.00806503
908 20 0.00787619
909 20 0.00755302
910 20 0.00777109
911 20 0.00781886
912 20 0.00772388
913 20 0.00755528
914 20 0.00696628
915 20 0.00654813
916 20 0.0066774
917 20 0.00639189
918 20 0.00667964
919 20 0.00648519
920 20 0.00615471
921 20 0.00650261
922 20 0.00623508
923 20 0.00627499
924 20 0.00634355
925 20 0.00705957
926 20 0.0061446
927 20 0.00642561
928 20 0.00598498
929 20 0.00557189
930 20 0.0056236
931 20 0.00521951
932 20 0.00558032
933 20 0.00578996
934 20 0.00549883
935 20 0.00619462
936 20 0.00602039
937 20 0.00557583
938 20 0.00592485
939 20 0.00591585
940 20 0.00599734
941 20 0.00650149
942 20 0.00693649
943 20 0.00665491
944 20 0.00681115
945 20 0.00658916
946 20 0.00695897
947 20 0.00680216
948 20 0.00739622
949 20 0.00758787
950 20 0.00702697
951 20 0.00727426
952 20 0.00769465
953 20 0.00789642
954 20 0.00729787
955 20 0.00703597
956 20 0.00708374
957 20 0.00734508
958 20 0.00762272
959 20 0.00723492
960 20 0.00651666
961 20 0.00727707
962 20 0.00737262
963 20 0.00726414
964 20 0.0076896
965 20 0.00704215
966 20 0.00717591
967 20 0.00713095
968 20 0.0071967
969 20 0.00725122
970 20 0.00654195
971 20 0.00692918
972 20 0.00681453
973 20 0.00668526
974 20 0.00664929
975 20 0.00613111
976 20 0.0066965
977 20 0.00672179
978 20 0.00713657
979 20 0.00666335
980 20 0.00621822
981 20 0.00640256
982 20 0.00660546
983 20 0.00676731
984 20 0.00639357
985 20 0.00649754
986 20 0.00675383
987 20 0.0072338
988 20 0.00666278
989 20 0.00690389
990 20 0.00697302
991 20 0.00666841
992 20 0.0064273
993 20 0.00661108
994 20 0.00664592
995 20 0.00665042
996 20 0.00677856
997 20 0.00765138
998 20 0.00746423
999 20 0.00816789
1000 20 0.00789136
