1 20 0.00821113
2 20 0.00856295
3 20 0.00903506
4 20 0.00883779
5 20 0.00846347
6 20 0.00923682
7 20 0.00896593
8 20 0.0091306
9 20 0.00789077
10 20 0.00890692
11 20 0.00829712
12 20 0.00798183
13 20 0.00836962
14 20 0.00868661
15 20 0.00832297
16 20 0.00862703
17 20 0.00907496
18 20 0.00886308
19 20 0.0088805
20 20 0.00834433
21 20 0.00734786
22 20 0.00766372
23 20 0.00848484
24 20 0.00846123
25 20 0.00833421
26 20 0.00737765
27 20 0.00780085
28 20 0.00738159
29 20 0.00752266
30 20 0.00754064
31 20 0.00795372
32 20 0.00822406
33 20 0.00786661
34 20 0.00848203
35 20 0.00933011
36 20 0.00891309
37 20 0.00882992
38 20 0.00800318
39 20 0.00842245
40 20 0.00868548
41 20 0.00920591
42 20 0.00854104
43 20 0.00854216
44 20 0.00870177
45 20 0.0081819
46 20 0.00865288
47 20 0.00860454
48 20 0.00905192
49 20 0.00858713
50 20 0.00819427
51 20 0.0078003
52 20 0.00790876
53 20 0.00842751
54 20 0.00965946
55 20 0.0103148
56 20 0.00944871
57 20 0.00826902
58 20 0.00793687
59 20 0.00879451
60 20 0.00976737
61 20 0.0100321
62 20 0.00977693
63 20 0.00902718
64 20 0.00922896
65 20 0.00928684
66 20 0.00914465
67 20 0.00890355
68 20 0.00895188
69 20 0.00898222
70 20 0.00907722
71 20 0.00917781
72 20 0.00875235
73 20 0.00899965
74 20 0.00867705
75 20 0.00809986
76 20 0.00808974
77 20 0.00833983
78 20 0.00883667
79 20 0.00886813
80 20 0.00868323
81 20 0.00929471
82 20 0.00917387
83 20 0.0101715
84 20 0.0106863
85 20 0.0108864
86 20 0.0112517
87 20 0.0101479
88 20 0.0103367
89 20 0.0107138
90 20 0.0113747
91 20 0.0115996
92 20 0.0110859
93 20 0.0105104
94 20 0.011481
95 20 0.0125128
96 20 0.0117339
97 20 0.0119851
98 20 0.0122588
99 20 0.0114933
100 20 0.0108959
101 20 0.010616
102 20 0.00992585
103 20 0.0107408
104 20 0.010756
105 20 0.0117316
106 20 0.0122245
107 20 0.0115479
108 20 0.0115726
109 20 0.0112803
110 20 0.0122206
111 20 0.0129315
112 20 0.0125331
113 20 0.0127995
114 20 0.0121711
115 20 0.0112713
116 20 0.0105638
117 20 0.0110156
118 20 0.0109206
119 20 0.0101029
120 20 0.00958189
121 20 0.00960718
122 20 0.00983031
123 20 0.00955773
124 20 0.00928347
125 20 0.00955604
126 20 0.0101732
127 20 0.00934079
128 20 0.00939362
129 20 0.00916207
130 20 0.00907833
131 20 0.00956055
132 20 0.00852249
133 20 0.00856745
134 20 0.00908451
135 20 0.0101462
136 20 0.010453
137 20 0.00948073
138 20 0.00925705
139 20 0.0097595
140 20 0.00980053
141 20 0.00989158
142 20 0.00975725
143 20 0.01014
144 20 0.0106812
145 20 0.0107121
146 20 0.0105649
147 20 0.0108369
148 20 0.0113511
149 20 0.0109223
150 20 0.01111
151 20 0.0116181
152 20 0.0117609
153 20 0.0119694
154 20 0.0125235
155 20 0.0125511
156 20 0.0128726
157 20 0.0122566
158 20 0.0118991
159 20 0.0118412
160 20 0.0115574
161 20 0.0114883
162 20 0.0115765
163 20 0.0120492
164 20 0.0127045
165 20 0.0121099
166 20 0.0122285
167 20 0.012138
168 20 0.0118845
169 20 0.0115355
170 20 0.0103373
171 20 0.0102175
172 20 0.00985391
173 20 0.0100613
174 20 0.0095465
175 20 0.00937228
176 20 0.00902831
177 20 0.00873269
178 20 0.00820776
179 20 0.00834153
180 20 0.00848315
181 20 0.00834208
182 20 0.00887264
183 20 0.00918905
184 20 0.00917781
185 20 0.00872032
186 20 0.00791214
187 20 0.00788853
188 20 0.00773679
189 20 0.00847359
190 20 0.00859443
191 20 0.00874842
192 20 0.00921434
193 20 0.00859949
194 20 0.00866525
195 20 0.00872032
196 20 0.00838367
197 20 0.00792337
198 20 0.00867086
199 20 0.00848652
200 20 0.00783963
201 20 0.00774634
202 20 0.00762326
203 20 0.00752153
204 20 0.00753334
205 20 0.00729616
206 20 0.00745971
207 20 0.00730291
208 20 0.00753615
209 20 0.00727312
210 20 0.00754626
211 20 0.00726694
212 20 0.00768227
213 20 0.00699267
214 20 0.00675831
215 20 0.00700897
216 20 0.00728549
217 20 0.00656666
218 20 0.00659363
219 20 0.00674988
220 20 0.00671559
221 20 0.00656722
222 20 0.00636321
223 20 0.00710845
224 20 0.00738552
225 20 0.00816786
226 20 0.00796665
227 20 0.00776039
228 20 0.0080858
229 20 0.0085742
230 20 0.00803185
231 20 0.00887713
232 20 0.00882205
233 20 0.00817572
234 20 0.00802679
235 20 0.00899796
236 20 0.00931382
237 20 0.00944139
238 20 0.0096218
239 20 0.00951053
240 20 0.0107307
241 20 0.0104193
242 20 0.00982525
243 20 0.00902887
244 20 0.00898728
245 20 0.00935148
246 20 0.00846348
247 20 0.00879844
248 20 0.00896199
249 20 0.00930483
250 20 0.00899122
251 20 0.00862141
252 20 0.00804027
253 20 0.00843988
254 20 0.00840728
255 20 0.00909295
256 20 0.00841346
257 20 0.00837917
258 20 0.00846179
259 20 0.0088479
260 20 0.00823923
261 20 0.00867986
262 20 0.00889567
263 20 0.00836119
264 20 0.00814032
265 20 0.00831904
266 20 0.00826959
267 20 0.00814032
268 20 0.00935204
269 20 0.00864389
270 20 0.00812739
271 20 0.00809199
272 20 0.0071416
273 20 0.00715453
274 20 0.00639131
275 20 0.00720006
276 20 0.00639918
277 20 0.00709271
278 20 0.00742936
279 20 0.00702864
280 20 0.00673808
281 20 0.00737428
282 20 0.00766765
283 20 0.00925312
284 20 0.00847359
285 20 0.00890129
286 20 0.00910138
287 20 0.00868941
288 20 0.00890073
289 20 0.00834545
290 20 0.00801724
291 20 0.00880743
292 20 0.00952064
293 20 0.00894457
294 20 0.00911992
295 20 0.00837973
296 20 0.00826059
297 20 0.00884566
298 20 0.00877315
299 20 0.0079526
300 20 0.00860961
301 20 0.00884341
302 20 0.00882599
303 20 0.00772723
304 20 0.00745184
305 20 0.0077677
306 20 0.00730009
307 20 0.00691398
308 20 0.0069966
309 20 0.00645706
310 20 0.00679146
311 20 0.00654024
312 20 0.00641829
313 20 0.00606028
314 20 0.00610299
315 20 0.00643683
316 20 0.0066088
317 20 0.0063233
318 20 0.00611311
319 20 0.00599733
320 20 0.00623226
321 20 0.00611254
322 20 0.0060288
323 20 0.00612772
324 20 0.00688307
325 20 0.00715678
326 20 0.00672233
327 20 0.00668637
328 20 0.00672683
329 20 0.00647505
330 20 0.00678753
331 20 0.00725682
332 20 0.00761876
333 20 0.00721354
334 20 0.00718882
335 20 0.00715004
336 20 0.00699379
337 20 0.00674987
338 20 0.00671222
339 20 0.00647673
340 20 0.00698705
341 20 0.00680776
342 20 0.00718713
343 20 0.00704213
344 20 0.00719051
345 20 0.00655035
346 20 0.00670885
347 20 0.00637894
348 20 0.00682856
349 20 0.00650765
350 20 0.00658071
351 20 0.00709383
352 20 0.00777669
353 20 0.00681844
354 20 0.0069775
355 20 0.00689657
356 20 0.00665265
357 20 0.00689151
358 20 0.00687239
359 20 0.00678416
360 20 0.00713093
361 20 0.00740013
362 20 0.00718038
363 20 0.00731977
364 20 0.00781941
365 20 0.00743442
366 20 0.00772218
367 20 0.00754851
368 20 0.00681001
369 20 0.00668412
370 20 0.00663916
371 20 0.00691006
372 20 0.00683081
373 20 0.00630363
374 20 0.00625305
375 20 0.00602543
376 20 0.00606252
377 20 0.00645201
378 20 0.00717532
379 20 0.00698424
380 20 0.00676505
381 20 0.00674032
382 20 0.00745015
383 20 0.0069848
384 20 0.00664703
385 20 0.00686004
386 20 0.00756087
387 20 0.00744509
388 20 0.00759066
389 20 0.00731077
390 20 0.00722142
391 20 0.00687352
392 20 0.00731639
393 20 0.00722759
394 20 0.0075856
395 20 0.00730122
396 20 0.00732313
397 20 0.00757661
398 20 0.0073001
399 20 0.00727311
400 20 0.00742599
401 20 0.00719669
402 20 0.0072956
403 20 0.00724052
404 20 0.0070736
405 20 0.00720624
406 20 0.00700391
407 20 0.00751479
408 20 0.00793349
409 20 0.00802847
410 20 0.0088389
411 20 0.00900077
412 20 0.00974882
413 20 0.0108352
414 20 0.0116923
415 20 0.0125865
416 20 0.0145547
417 20 0.0167128
418 20 0.0214293
419 20 0.0277048
420 20 0.0371198
421 20 0.0492882
422 20 0.0660886
423 20 0.0906107
424 20 0.119821
425 20 0.159031
426 20 0.203335
427 20 0.25228
428 20 0.310398
429 20 0.370782
430 20 0.429179
431 20 0.481505
432 20 0.528353
433 20 0.579966
434 20 0.625185
435 20 0.654011
436 20 0.672846
437 20 0.692084
438 20 0.713619
439 20 0.732095
440 20 0.744986
441 20 0.742908
442 20 0.74785
443 20 0.755414
444 20 0.76304
445 20 0.769456
446 20 0.766212
447 20 0.762667
448 20 0.765886
449 20 0.779488
450 20 0.772153
451 20 0.771776
452 20 0.772699
453 20 0.773182
454 20 0.778696
455 20 0.766744
456 20 0.772775
457 20 0.780689
458 20 0.772202
459 20 0.775437
460 20 0.770793
461 20 0.773928
462 20 0.779097
463 20 0.779981
464 20 0.772098
465 20 0.772728
466 20 0.768921
467 20 0.77461
468 20 0.784522
469 20 0.771091
470 20 0.76828
471 20 0.776407
472 20 0.77661
473 20 0.772669
474 20 0.77061
475 20 0.768094
476 20 0.77741
477 20 0.77484
478 20 0.775017
479 20 0.772751
480 20 0.767259
481 20 0.774274
482 20 0.774617
483 20 0.771575
484 20 0.769775
485 20 0.77013
486 20 0.774143
487 20 0.775738
488 20 0.771152
489 20 0.771774
490 20 0.769491
491 20 0.77194
492 20 0.773518
493 20 0.774373
494 20 0.767443
495 20 0.775415
496 20 0.777628
497 20 0.771375
498 20 0.769728
499 20 0.77881
500 20 0.768751
501 20 0.774518
502 20 0.776555
503 20 0.771825
504 20 0.775534
505 20 0.773022
506 20 0.771886
507 20 0.774866
508 20 0.778574
509 20 0.771725
510 20 0.772057
511 20 0.770273
512 20 0.780319
513 20 0.775406
514 20 0.770773
515 20 0.776097
516 20 0.770574
517 20 0.772196
518 20 0.771302
519 20 0.768369
520 20 0.77366
521 20 0.775139
522 20 0.773215
523 20 0.772562
524 20 0.775102
525 20 0.770841
526 20 0.770115
527 20 0.777264
528 20 0.773303
529 20 0.774091
530 20 0.771815
531 20 0.772193
532 20 0.769481
533 20 0.772037
534 20 0.776229
535 20 0.772235
536 20 0.774954
537 20 0.775254
538 20 0.771294
539 20 0.772325
540 20 0.771322
541 20 0.770728
542 20 0.77894
543 20 0.773118
544 20 0.764934
545 20 0.766747
546 20 0.773406
547 20 0.77356
548 20 0.771553
549 20 0.770421
550 20 0.767599
551 20 0.768969
552 20 0.769072
553 20 0.766324
554 20 0.768067
555 20 0.759022
556 20 0.757646
557 20 0.765267
558 20 0.755085
559 20 0.748849
560 20 0.736688
561 20 0.737447
562 20 0.733286
563 20 0.72233
564 20 0.705797
565 20 0.68789
566 20 0.67264
567 20 0.649781
568 20 0.621639
569 20 0.587686
570 20 0.547612
571 20 0.505791
572 20 0.4565
573 20 0.405819
574 20 0.352637
575 20 0.293196
576 20 0.247656
577 20 0.198815
578 20 0.153204
579 20 0.120873
580 20 0.089743
581 20 0.0660836
582 20 0.0484665
583 20 0.0345553
584 20 0.0268832
585 20 0.0204025
586 20 0.0177099
587 20 0.0142433
588 20 0.0122037
589 20 0.0107605
590 20 0.0101422
591 20 0.0095628
592 20 0.00877596
593 20 0.0087074
594 20 0.00807849
595 20 0.00854891
596 20 0.00912611
597 20 0.00943971
598 20 0.00938181
599 20 0.00889286
600 20 0.00799082
601 20 0.00802679
602 20 0.00836063
603 20 0.00758504
604 20 0.00759347
605 20 0.00729223
606 20 0.00732033
607 20 0.00768958
608 20 0.00737766
609 20 0.00742317
610 20 0.00758785
611 20 0.00764406
612 20 0.00782896
613 20 0.0074642
614 20 0.00735911
615 20 0.00772386
616 20 0.00768227
617 20 0.00818865
618 20 0.00776095
619 20 0.0069938
620 20 0.0075131
621 20 0.00801835
622 20 0.00766598
623 20 0.00804646
624 20 0.00851743
625 20 0.00783458
626 20 0.00754851
627 20 0.00727761
628 20 0.00758223
629 20 0.00641828
630 20 0.00650821
631 20 0.00657116
632 20 0.00705168
633 20 0.00757774
634 20 0.00811109
635 20 0.00832016
636 20 0.00786493
637 20 0.00788629
638 20 0.00745746
639 20 0.00802454
640 20 0.00820776
641 20 0.00871976
642 20 0.00803691
643 20 0.0078076
644 20 0.00795597
645 20 0.0084292
646 20 0.00803634
647 20 0.00763506
648 20 0.008296
649 20 0.00847585
650 20 0.00784188
651 20 0.00819595
652 20 0.00831454
653 20 0.00799925
654 20 0.00728379
655 20 0.00783739
656 20 0.0081465
657 20 0.00789247
658 20 0.00840447
659 20 0.00847079
660 20 0.00805714
661 20 0.00825665
662 20 0.00845506
663 20 0.00852081
664 20 0.00754401
665 20 0.00735012
666 20 0.00792337
667 20 0.00765642
668 20 0.0080015
669 20 0.0077514
670 20 0.00829993
671 20 0.0077868
672 20 0.0081021
673 20 0.00804533
674 20 0.00833589
675 20 0.00815998
676 20 0.00808861
677 20 0.00749961
678 20 0.00735574
679 20 0.00732145
680 20 0.00840616
681 20 0.00830049
682 20 0.00857813
683 20 0.0087428
684 20 0.00883386
685 20 0.00896536
686 20 0.00924413
687 20 0.00929583
688 20 0.00874225
689 20 0.00923962
690 20 0.00921659
691 20 0.00929359
692 20 0.00979546
693 20 0.00960944
694 20 0.00980502
695 20 0.0100984
696 20 0.00956167
697 20 0.00877821
698 20 0.00908844
699 20 0.00865625
700 20 0.00914914
701 20 0.00807624
702 20 0.00802004
703 20 0.00807175
704 20 0.00772274
705 20 0.0074805
706 20 0.00745185
707 20 0.00693872
708 20 0.00750804
709 20 0.00763225
710 20 0.00711518
711 20 0.00679652
712 20 0.00673808
713 20 0.00734731
714 20 0.00770419
715 20 0.00793968
716 20 0.00776096
717 20 0.00760864
718 20 0.00703707
719 20 0.00749568
720 20 0.00747489
721 20 0.00790483
722 20 0.00773567
723 20 0.00792169
724 20 0.00842526
725 20 0.00839603
726 20 0.0075974
727 20 0.00795597
728 20 0.00786718
729 20 0.00781603
730 20 0.00768509
731 20 0.00764012
732 20 0.00774859
733 20 0.00799138
734 20 0.00776601
735 20 0.00768676
736 20 0.00774466
737 20 0.00774072
738 20 0.00718769
739 20 0.00769127
740 20 0.00740126
741 20 0.00748275
742 20 0.00818079
743 20 0.00839323
744 20 0.00861073
745 20 0.00833084
746 20 0.0085624
747 20 0.00910137
748 20 0.00868491
749 20 0.00874899
750 20 0.00891703
751 20 0.00909238
752 20 0.00872145
753 20 0.00831286
754 20 0.00784975
755 20 0.00752097
756 20 0.00840053
757 20 0.0081746
758 20 0.00816841
759 20 0.00820607
760 20 0.00779074
761 20 0.00758111
762 20 0.00774128
763 20 0.00843538
764 20 0.00858432
765 20 0.00829937
766 20 0.0090609
767 20 0.00931213
768 20 0.00879508
769 20 0.00850114
770 20 0.00805545
771 20 0.00852867
772 20 0.00854778
773 20 0.00838367
774 20 0.00815999
775 20 0.00848709
776 20 0.00812683
777 20 0.00863321
778 20 0.00938688
779 20 0.00841177
780 20 0.00894008
781 20 0.00899515
782 20 0.00913622
783 20 0.00904349
784 20 0.00907384
785 20 0.00867143
786 20 0.00816055
787 20 0.00846685
788 20 0.0081139
789 20 0.0087102
790 20 0.0083775
791 20 0.0080577
792 20 0.00798632
793 20 0.00840503
794 20 0.00849889
795 20 0.00859049
796 20 0.00883779
797 20 0.0085298
798 20 0.00937283
799 20 0.00908451
800 20 0.00886252
801 20 0.00956617
802 20 0.0092919
803 20 0.00922559
804 20 0.00858375
805 20 0.00850282
806 20 0.00814257
807 20 0.00847192
808 20 0.00890748
809 20 0.00856688
810 20 0.00866187
811 20 0.00863097
812 20 0.00864389
813 20 0.00885296
814 20 0.00888669
815 20 0.00839829
816 20 0.008876
817 20 0.00952176
818 20 0.00885746
819 20 0.00841177
820 20 0.00843987
821 20 0.0088125
822 20 0.00857644
823 20 0.00917387
824 20 0.00898954
825 20 0.00909407
826 20 0.00862309
827 20 0.0101434
828 20 0.00904686
829 20 0.0088125
830 20 0.00900414
831 20 0.00901426
832 20 0.00966002
833 20 0.00937788
834 20 0.00962967
835 20 0.00892827
836 20 0.00915815
837 20 0.00954594
838 20 0.00903954
839 20 0.00885858
840 20 0.0091053
841 20 0.00851013
842 20 0.00864557
843 20 0.00889905
844 20 0.00915533
845 20 0.00955942
846 20 0.00807063
847 20 0.0090137
848 20 0.00897828
849 20 0.00855565
850 20 0.00912554
851 20 0.00903
852 20 0.00823867
853 20 0.00800656
854 20 0.00799925
855 20 0.00885801
856 20 0.0097432
857 20 0.0104204
858 20 0.0089339
859 20 0.00917219
860 20 0.00896817
861 20 0.00950491
862 20 0.00916657
863 20 0.00951502
864 20 0.00960325
865 20 0.0106672
866 20 0.0112449
867 20 0.0111679
868 20 0.0114349
869 20 0.011866
870 20 0.0108049
871 20 0.0113495
872 20 0.0110353
873 20 0.01101
874 20 0.0112399
875 20 0.0107206
876 20 0.0111263
877 20 0.0118575
878 20 0.0114428
879 20 0.0110623
880 20 0.0113124
881 20 0.0113185
882 20 0.011531
883 20 0.0115231
884 20 0.0110482
885 20 0.0101934
886 20 0.0107537
887 20 0.0105334
888 20 0.00987134
889 20 0.00975275
890 20 0.00950715
891 20 0.00897942
892 20 0.00891422
893 20 0.00848653
894 20 0.00852193
895 20 0.00908338
896 20 0.0084854
897 20 0.00858151
898 20 0.00894007
899 20 0.00773566
900 20 0.00774859
901 20 0.00790033
902 20 0.00798801
903 20 0.00802904
904 20 0.00858487
905 20 0.00854328
906 20 0.00876135
907 20 0.00842413
908 20 0.00873212
909 20 0.0093436
910 20 0.00980614
911 20 0.0084573
912 20 0.00860286
913 20 0.00890579
914 20 0.00912555
915 20 0.0100349
916 20 0.00900583
917 20 0.0100697
918 20 0.00937002
919 20 0.00913172
920 20 0.00972521
921 20 0.00969542
922 20 0.0104131
923 20 0.0106093
924 20 0.0100664
925 20 0.00981964
926 20 0.0104991
927 20 0.0103479
928 20 0.00976737
929 20 0.00984943
930 20 0.0103519
931 20 0.00965777
932 20 0.00969712
933 20 0.00924244
934 20 0.00971117
935 20 0.00967632
936 20 0.0098646
937 20 0.0102569
938 20 0.00965102
939 20 0.00943466
940 20 0.00968982
941 20 0.0105761
942 20 0.00941273
943 20 0.00959314
944 20 0.00982414
945 20 0.00983538
946 20 0.0098393
947 20 0.0109015
948 20 0.0111837
949 20 0.0101361
950 20 0.0107723
951 20 0.0107402
952 20 0.0101709
953 20 0.0101642
954 20 0.00999273
955 20 0.00974039
956 20 0.0100006
957 20 0.00950772
958 20 0.00948186
959 20 0.00930819
960 20 0.00915589
961 20 0.00977692
962 20 0.00994046
963 20 0.0086658
964 20 0.00852362
965 20 0.00883835
966 20 0.00966958
967 20 0.00863096
968 20 0.00767496
969 20 0.00852923
970 20 0.00877484
971 20 0.00899347
972 20 0.00814144
973 20 0.00803802
974 20 0.00870065
975 20 0.00828982
976 20 0.00803746
977 20 0.0086068
978 20 0.00751029
979 20 0.00753446
980 20 0.00795204
981 20 0.00766372
982 20 0.0080459
983 20 0.00785481
984 20 0.00829993
985 20 0.00788628
986 20 0.0086214
987 20 0.00898503
988 20 0.0092801
989 20 0.00923007
990 20 0.0101006
991 20 0.00954987
992 20 0.00987865
993 20 0.0096426
994 20 0.00875067
995 20 0.00851237
996 20 0.00828869
997 20 0.00957684
998 20 0.0095049
999 20 0.00906428
1000 20 0.00812795
