1 20 0.00679429
2 20 0.00696683
3 20 0.00716747
4 20 0.00658747
5 20 0.00626711
6 20 0.00656723
7 20 0.00668132
8 20 0.00661613
9 20 0.00691568
10 20 0.00662062
11 20 0.00656161
12 20 0.0067735
13 20 0.00642223
14 20 0.00648855
15 20 0.0064464
16 20 0.00609232
17 20 0.00662793
18 20 0.00621428
19 20 0.00616482
20 20 0.00601195
21 20 0.00643347
22 20 0.00604624
23 20 0.0057124
24 20 0.00565563
25 20 0.0055348
26 20 0.00615134
27 20 0.00576129
28 20 0.00564776
29 20 0.00590517
30 20 0.00674427
31 20 0.00620866
32 20 0.00593158
33 20 0.00610694
34 20 0.00627667
35 20 0.00634299
36 20 0.00680384
37 20 0.00662906
38 20 0.00674877
39 20 0.00699943
40 20 0.00679598
41 20 0.00615133
42 20 0.00633399
43 20 0.00636659
44 20 0.00680609
45 20 0.00675607
46 20 0.00648798
47 20 0.0064492
48 20 0.00662962
49 20 0.00678867
50 20 0.00635647
51 20 0.00617044
52 20 0.00603612
53 20 0.0063857
54 20 0.00603387
55 20 0.00600184
56 20 0.00661669
57 20 0.00617944
58 20 0.00626824
59 20 0.0065796
60 20 0.00660657
61 20 0.00657454
62 20 0.00608783
63 20 0.00663243
64 20 0.0060468
65 20 0.0061356
66 20 0.00559156
67 20 0.00545387
68 20 0.00547972
69 20 0.00551513
70 20 0.00563934
71 20 0.00585178
72 20 0.00599959
73 20 0.00577366
74 20 0.00606984
75 20 0.00612211
76 20 0.00592821
77 20 0.00577085
78 20 0.00575623
79 20 0.00610581
80 20 0.00665828
81 20 0.00594676
82 20 0.00593046
83 20 0.00679991
84 20 0.00717759
85 20 0.00686904
86 20 0.00688815
87 20 0.00714836
88 20 0.00725852
89 20 0.00706631
90 20 0.00756032
91 20 0.00827185
92 20 0.00792283
93 20 0.00732765
94 20 0.00678811
95 20 0.00734507
96 20 0.00688814
97 20 0.00672348
98 20 0.00710228
99 20 0.007213
100 20 0.00710677
101 20 0.00615471
102 20 0.0059861
103 20 0.00628004
104 20 0.00639919
105 20 0.00606759
106 20 0.00633793
107 20 0.0058411
108 20 0.00663805
109 20 0.00676788
110 20 0.00633456
111 20 0.00682632
112 20 0.00717534
113 20 0.00672123
114 20 0.00680159
115 20 0.00750581
116 20 0.00721356
117 20 0.00755021
118 20 0.00753953
119 20 0.00740015
120 20 0.00689152
121 20 0.00676225
122 20 0.00691906
123 20 0.00721805
124 20 0.00681228
125 20 0.0077812
126 20 0.0076851
127 20 0.0070118
128 20 0.00733832
129 20 0.00730628
130 20 0.00702304
131 20 0.00697695
132 20 0.00754853
133 20 0.00718489
134 20 0.0070219
135 20 0.00687241
136 20 0.00721524
137 20 0.00649698
138 20 0.00692693
139 20 0.00712026
140 20 0.00743275
141 20 0.00670268
142 20 0.00670942
143 20 0.00684038
144 20 0.00637165
145 20 0.00557133
146 20 0.00600128
147 20 0.00652002
148 20 0.0063576
149 20 0.00606816
150 20 0.00650035
151 20 0.0065144
152 20 0.00682577
153 20 0.00669144
154 20 0.006701
155 20 0.00574387
156 20 0.00560842
157 20 0.00567587
158 20 0.00652958
159 20 0.00611874
160 20 0.0063649
161 20 0.00640481
162 20 0.00647225
163 20 0.00685218
164 20 0.00636996
165 20 0.0062806
166 20 0.00626936
167 20 0.00624576
168 20 0.00613279
169 20 0.00603219
170 20 0.00645764
171 20 0.00669875
172 20 0.00738498
173 20 0.00744343
174 20 0.00677237
175 20 0.00678192
176 20 0.00648574
177 20 0.0067173
178 20 0.00613616
179 20 0.00641661
180 20 0.00646157
181 20 0.0067201
182 20 0.00671785
183 20 0.00693367
184 20 0.00714387
185 20 0.00708373
186 20 0.00654307
187 20 0.00658128
188 20 0.0065352
189 20 0.00680328
190 20 0.00681396
191 20 0.00780368
192 20 0.00736868
193 20 0.00709385
194 20 0.00622552
195 20 0.00618956
196 20 0.00553087
197 20 0.00546511
198 20 0.00582424
199 20 0.00562641
200 20 0.00685668
201 20 0.00664479
202 20 0.00679991
203 20 0.00647843
204 20 0.0064346
205 20 0.00709553
206 20 0.00650878
207 20 0.00683476
208 20 0.00641267
209 20 0.00680947
210 20 0.00688702
211 20 0.00719782
212 20 0.00710678
213 20 0.00715285
214 20 0.00683813
215 20 0.00607322
216 20 0.00649698
217 20 0.00665491
218 20 0.0067763
219 20 0.00677406
220 20 0.00728043
221 20 0.00712532
222 20 0.00647394
223 20 0.00589618
224 20 0.00609794
225 20 0.00618899
226 20 0.00652621
227 20 0.00587876
228 20 0.00629634
229 20 0.00612998
230 20 0.00596475
231 20 0.00608951
232 20 0.00621203
233 20 0.00637614
234 20 0.00615864
235 20 0.00711295
236 20 0.00637952
237 20 0.0061356
238 20 0.00621428
239 20 0.00586639
240 20 0.00583323
241 20 0.00621822
242 20 0.00621484
243 20 0.00630083
244 20 0.00625868
245 20 0.00617326
246 20 0.00702865
247 20 0.00699605
248 20 0.00709047
249 20 0.00673752
250 20 0.00643628
251 20 0.0071478
252 20 0.00740802
253 20 0.00770982
254 20 0.00709104
255 20 0.00721019
256 20 0.00702922
257 20 0.00703652
258 20 0.00663917
259 20 0.00692637
260 20 0.00705338
261 20 0.00744961
262 20 0.00810886
263 20 0.00756819
264 20 0.0075311
265 20 0.00789135
266 20 0.00808132
267 20 0.00773905
268 20 0.00815157
269 20 0.00883837
270 20 0.00844439
271 20 0.00856803
272 20 0.00881476
273 20 0.00774636
274 20 0.00756482
275 20 0.0074586
276 20 0.00783178
277 20 0.008015
278 20 0.00814427
279 20 0.00802793
280 20 0.00766599
281 20 0.00825162
282 20 0.00857815
283 20 0.00896483
284 20 0.00880632
285 20 0.00895527
286 20 0.00921042
287 20 0.00848992
288 20 0.00894346
289 20 0.00894008
290 20 0.00917389
291 20 0.00912499
292 20 0.0082089
293 20 0.00876587
294 20 0.00875519
295 20 0.00894122
296 20 0.00843933
297 20 0.00824768
298 20 0.00778513
299 20 0.00754122
300 20 0.00811897
301 20 0.00784078
302 20 0.00781998
303 20 0.00778064
304 20 0.00829657
305 20 0.00791553
306 20 0.00731303
307 20 0.0070871
308 20 0.00759292
309 20 0.00763901
310 20 0.00772444
311 20 0.00765306
312 20 0.00756482
313 20 0.00736474
314 20 0.00822126
315 20 0.00759854
316 20 0.008092
317 20 0.00810268
318 20 0.00895583
319 20 0.0085478
320 20 0.00869955
321 20 0.00811223
322 20 0.0083494
323 20 0.00866863
324 20 0.00817349
325 20 0.0082325
326 20 0.00839549
327 20 0.00841123
328 20 0.00849609
329 20 0.00787506
330 20 0.00787562
331 20 0.00798522
332 20 0.00874562
333 20 0.00838706
334 20 0.00863829
335 20 0.0085523
336 20 0.00828478
337 20 0.00848205
338 20 0.00778851
339 20 0.00808188
340 20 0.00815326
341 20 0.00834491
342 20 0.00842021
343 20 0.00794419
344 20 0.0080802
345 20 0.00817125
346 20 0.00834547
347 20 0.00762608
348 20 0.00723154
349 20 0.00716354
350 20 0.0068016
351 20 0.00718995
352 20 0.00714667
353 20 0.00741701
354 20 0.00784921
355 20 0.00806502
356 20 0.00784921
357 20 0.00757606
358 20 0.00781548
359 20 0.00830108
360 20 0.0075592
361 20 0.00791046
362 20 0.00809987
363 20 0.00853431
364 20 0.00802175
365 20 0.00755527
366 20 0.00754177
367 20 0.00752099
368 20 0.00804648
369 20 0.00819934
370 20 0.00757662
371 20 0.0079543
372 20 0.00791552
373 20 0.00791384
374 20 0.00716747
375 20 0.00702472
376 20 0.00658072
377 20 0.00679879
378 20 0.00695109
379 20 0.00659927
380 20 0.0067853
381 20 0.00639357
382 20 0.00675663
383 20 0.00658522
384 20 0.00747996
385 20 0.00701348
386 20 0.00683195
387 20 0.00689265
388 20 0.00624801
389 20 0.00628959
390 20 0.00672347
391 20 0.00738498
392 20 0.00791103
393 20 0.00736643
394 20 0.00780144
395 20 0.00809705
396 20 0.0075547
397 20 0.00756425
398 20 0.00755021
399 20 0.00808637
400 20 0.00886984
401 20 0.00840336
402 20 0.00810156
403 20 0.00810268
404 20 0.00795599
405 20 0.00860401
406 20 0.00855903
407 20 0.00831288
408 20 0.00807738
409 20 0.00780536
410 20 0.00850508
411 20 0.00914748
412 20 0.00974322
413 20 0.0107622
414 20 0.0141253
415 20 0.0169107
416 20 0.0194999
417 20 0.0240995
418 20 0.0316447
419 20 0.040623
420 20 0.0527172
421 20 0.0735103
422 20 0.0990739
423 20 0.130174
424 20 0.169923
425 20 0.214737
426 20 0.267012
427 20 0.326743
428 20 0.382457
429 20 0.440985
430 20 0.499773
431 20 0.550754
432 20 0.596532
433 20 0.627904
434 20 0.663495
435 20 0.688467
436 20 0.71181
437 20 0.726068
438 20 0.736176
439 20 0.741043
440 20 0.75579
441 20 0.765816
442 20 0.765803
443 20 0.769249
444 20 0.768839
445 20 0.771946
446 20 0.783856
447 20 0.783657
448 20 0.777325
449 20 0.771647
450 20 0.787495
451 20 0.785549
452 20 0.785696
453 20 0.779599
454 20 0.783016
455 20 0.784355
456 20 0.787345
457 20 0.779953
458 20 0.782573
459 20 0.782231
460 20 0.782543
461 20 0.790087
462 20 0.783034
463 20 0.779804
464 20 0.780677
465 20 0.78851
466 20 0.789678
467 20 0.781148
468 20 0.782838
469 20 0.779251
470 20 0.78982
471 20 0.786101
472 20 0.778531
473 20 0.780902
474 20 0.787795
475 20 0.789761
476 20 0.783997
477 20 0.782235
478 20 0.776008
479 20 0.786477
480 20 0.790233
481 20 0.778389
482 20 0.783911
483 20 0.782919
484 20 0.783227
485 20 0.779477
486 20 0.785832
487 20 0.784991
488 20 0.784885
489 20 0.78529
490 20 0.776041
491 20 0.782957
492 20 0.787046
493 20 0.787394
494 20 0.780061
495 20 0.780719
496 20 0.779848
497 20 0.785283
498 20 0.787389
499 20 0.781384
500 20 0.781385
501 20 0.783767
502 20 0.780517
503 20 0.782724
504 20 0.789345
505 20 0.782407
506 20 0.782383
507 20 0.780774
508 20 0.782957
509 20 0.781056
510 20 0.788774
511 20 0.780014
512 20 0.779618
513 20 0.782896
514 20 0.781197
515 20 0.791854
516 20 0.781458
517 20 0.781653
518 20 0.786632
519 20 0.780571
520 20 0.786614
521 20 0.786031
522 20 0.781122
523 20 0.785388
524 20 0.784686
525 20 0.779476
526 20 0.78255
527 20 0.780745
528 20 0.781455
529 20 0.790765
530 20 0.78588
531 20 0.779833
532 20 0.781502
533 20 0.784154
534 20 0.79064
535 20 0.790404
536 20 0.779282
537 20 0.776666
538 20 0.783301
539 20 0.785476
540 20 0.79307
541 20 0.784117
542 20 0.77402
543 20 0.779905
544 20 0.78408
545 20 0.790908
546 20 0.784975
547 20 0.771365
548 20 0.773449
549 20 0.785558
550 20 0.78664
551 20 0.77847
552 20 0.772822
553 20 0.773791
554 20 0.769726
555 20 0.776471
556 20 0.769398
557 20 0.764614
558 20 0.761257
559 20 0.752594
560 20 0.746862
561 20 0.743612
562 20 0.730474
563 20 0.716038
564 20 0.703418
565 20 0.687373
566 20 0.669971
567 20 0.641827
568 20 0.603384
569 20 0.56455
570 20 0.526033
571 20 0.481063
572 20 0.42313
573 20 0.364664
574 20 0.311201
575 20 0.254972
576 20 0.200175
577 20 0.155128
578 20 0.115532
579 20 0.084998
580 20 0.061003
581 20 0.0436635
582 20 0.0316278
583 20 0.0230935
584 20 0.0175149
585 20 0.0135352
586 20 0.0113304
587 20 0.0104413
588 20 0.00948581
589 20 0.00903956
590 20 0.00769577
591 20 0.00686623
592 20 0.00679879
593 20 0.00732259
594 20 0.0077087
595 20 0.00721019
596 20 0.00665771
597 20 0.00629184
598 20 0.0067645
599 20 0.00678192
600 20 0.00646045
601 20 0.0067409
602 20 0.00675101
603 20 0.00712139
604 20 0.00666783
605 20 0.00641099
606 20 0.00678024
607 20 0.00717084
608 20 0.00679373
609 20 0.0070146
610 20 0.00698145
611 20 0.00694772
612 20 0.00702079
613 20 0.00679148
614 20 0.00732428
615 20 0.00749682
616 20 0.00699718
617 20 0.00699493
618 20 0.00715904
619 20 0.00646607
620 20 0.00660152
621 20 0.0061148
622 20 0.00659815
623 20 0.00695278
624 20 0.00686623
625 20 0.00648236
626 20 0.00689995
627 20 0.00639975
628 20 0.00610806
629 20 0.00641605
630 20 0.0059743
631 20 0.00600746
632 20 0.00633062
633 20 0.00596531
634 20 0.00652508
635 20 0.00622777
636 20 0.0066847
637 20 0.00664479
638 20 0.00735744
639 20 0.00714162
640 20 0.00711577
641 20 0.00729504
642 20 0.00740296
643 20 0.00764575
644 20 0.0071478
645 20 0.00747209
646 20 0.00759854
647 20 0.00776266
648 20 0.00720681
649 20 0.00674708
650 20 0.00580232
651 20 0.00579333
652 20 0.005958
653 20 0.00633287
654 20 0.00650597
655 20 0.00664704
656 20 0.00655655
657 20 0.00661051
658 20 0.00646663
659 20 0.00648237
660 20 0.00661894
661 20 0.00630645
662 20 0.00650878
663 20 0.00688309
664 20 0.0064908
665 20 0.00599622
666 20 0.00617326
667 20 0.00613391
668 20 0.00708598
669 20 0.00672122
670 20 0.00632107
671 20 0.00569441
672 20 0.00589674
673 20 0.00627779
674 20 0.00531954
675 20 0.00544263
676 20 0.00555278
677 20 0.00531561
678 20 0.00539935
679 20 0.00580288
680 20 0.00572364
681 20 0.00583323
682 20 0.00551007
683 20 0.00615976
684 20 0.00593271
685 20 0.00602825
686 20 0.00576298
687 20 0.00604399
688 20 0.0058574
689 20 0.00599341
690 20 0.00590742
691 20 0.00624969
692 20 0.00667233
693 20 0.00636884
694 20 0.00626824
695 20 0.00601533
696 20 0.00530887
697 20 0.00567642
698 20 0.0057804
699 20 0.00569722
700 20 0.0057523
701 20 0.00567025
702 20 0.00561966
703 20 0.0057804
704 20 0.00588269
705 20 0.00598273
706 20 0.00611031
707 20 0.00601758
708 20 0.00579221
709 20 0.00540104
710 20 0.00582986
711 20 0.00574387
712 20 0.00584223
713 20 0.00561966
714 20 0.00532797
715 20 0.00564495
716 20 0.00625756
717 20 0.00629409
718 20 0.00601027
719 20 0.00621597
720 20 0.00610862
721 20 0.00625643
722 20 0.00701404
723 20 0.00618168
724 20 0.00632837
725 20 0.00639188
726 20 0.005958
727 20 0.00543926
728 20 0.00525772
729 20 0.00527908
730 20 0.00533528
731 20 0.00515768
732 20 0.00595126
733 20 0.00594226
734 20 0.00556908
735 20 0.00549658
736 20 0.00558931
737 20 0.00552356
738 20 0.00589618
739 20 0.00603163
740 20 0.00597936
741 20 0.00613335
742 20 0.0060749
743 20 0.00586302
744 20 0.00590573
745 20 0.0060794
746 20 0.00600408
747 20 0.0057759
748 20 0.00599734
749 20 0.00608839
750 20 0.00652115
751 20 0.0065352
752 20 0.00627386
753 20 0.00618618
754 20 0.00568823
755 20 0.00572926
756 20 0.00527739
757 20 0.00532123
758 20 0.00572532
759 20 0.00545274
760 20 0.00569273
761 20 0.00561629
762 20 0.00547129
763 20 0.00514588
764 20 0.00513857
765 20 0.00591135
766 20 0.00554491
767 20 0.00585009
768 20 0.00593609
769 20 0.00629465
770 20 0.00722255
771 20 0.00692018
772 20 0.00678474
773 20 0.00729112
774 20 0.00647113
775 20 0.0069185
776 20 0.00561798
777 20 0.00568654
778 20 0.00541958
779 20 0.00556908
780 20 0.00592203
781 20 0.00558931
782 20 0.00514644
783 20 0.00492613
784 20 0.00510935
785 20 0.00558145
786 20 0.00568149
787 20 0.00578434
788 20 0.00546455
789 20 0.00568935
790 20 0.00583997
791 20 0.00521332
792 20 0.00510935
793 20 0.0054578
794 20 0.00580794
795 20 0.00537912
796 20 0.00523243
797 20 0.00540553
798 20 0.00597374
799 20 0.00567699
800 20 0.00590517
801 20 0.00591417
802 20 0.00623058
803 20 0.00612267
804 20 0.00614796
805 20 0.00642954
806 20 0.00629465
807 20 0.00624912
808 20 0.00624463
809 20 0.00646719
810 20 0.00631151
811 20 0.00602713
812 20 0.00647338
813 20 0.00638851
814 20 0.00678811
815 20 0.0069539
816 20 0.00776378
817 20 0.00712251
818 20 0.0075963
819 20 0.00756089
820 20 0.00746984
821 20 0.00721187
822 20 0.00690613
823 20 0.0071433
824 20 0.00678305
825 20 0.00663467
826 20 0.0060867
827 20 0.00624126
828 20 0.0059979
829 20 0.00662175
830 20 0.0058248
831 20 0.00611031
832 20 0.00572925
833 20 0.00569272
834 20 0.00574331
835 20 0.0063323
836 20 0.00697357
837 20 0.00667514
838 20 0.00643572
839 20 0.00615246
840 20 0.00620529
841 20 0.00613111
842 20 0.00654812
843 20 0.0065026
844 20 0.00641605
845 20 0.00676057
846 20 0.0070798
847 20 0.00667458
848 20 0.0068089
849 20 0.00638345
850 20 0.00661894
851 20 0.00678305
852 20 0.00653407
853 20 0.00707025
854 20 0.00656274
855 20 0.00633737
856 20 0.00637109
857 20 0.00602432
858 20 0.00551569
859 20 0.00554941
860 20 0.00523074
861 20 0.00566687
862 20 0.00625756
863 20 0.00618956
864 20 0.00636265
865 20 0.00611087
866 20 0.00679598
867 20 0.00677518
868 20 0.00674033
869 20 0.00648181
870 20 0.00631994
871 20 0.00653857
872 20 0.00700168
873 20 0.00679429
874 20 0.00679766
875 20 0.00605073
876 20 0.00638963
877 20 0.0059906
878 20 0.0062806
879 20 0.00615302
880 20 0.00645539
881 20 0.006692
882 20 0.00554267
883 20 0.00577534
884 20 0.00609513
885 20 0.00633568
886 20 0.00600465
887 20 0.00661276
888 20 0.00606591
889 20 0.00539823
890 20 0.00602207
891 20 0.00606703
892 20 0.00626824
893 20 0.00655318
894 20 0.00589955
895 20 0.006112
896 20 0.00573375
897 20 0.00641942
898 20 0.00670773
899 20 0.00641549
900 20 0.00603668
901 20 0.00663804
902 20 0.00689433
903 20 0.00655318
904 20 0.00680721
905 20 0.00730517
906 20 0.00831569
907 20 0.00780761
908 20 0.00762384
909 20 0.00667401
910 20 0.00657398
911 20 0.00710228
912 20 0.00752717
913 20 0.00653295
914 20 0.00671167
915 20 0.00653688
916 20 0.00630027
917 20 0.00564383
918 20 0.00582705
919 20 0.0056309
920 20 0.00550501
921 20 0.00571015
922 20 0.00613166
923 20 0.00581188
924 20 0.00593833
925 20 0.00630252
926 20 0.00600465
927 20 0.00578996
928 20 0.00567249
929 20 0.0056073
930 20 0.00568991
931 20 0.00573881
932 20 0.00584784
933 20 0.00562416
934 20 0.00510204
935 20 0.00506663
936 20 0.00540047
937 20 0.0056517
938 20 0.00501043
939 20 0.00508518
940 20 0.005215
941 20 0.00515937
942 20 0.00576354
943 20 0.00567699
944 20 0.00599116
945 20 0.00573825
946 20 0.00587988
947 20 0.00583155
948 20 0.005736
949 20 0.0053617
950 20 0.00550613
951 20 0.00530549
952 20 0.00532516
953 20 0.00572532
954 20 0.00610525
955 20 0.00564439
956 20 0.00591978
957 20 0.00618337
958 20 0.00630421
959 20 0.00554772
960 20 0.00569835
961 20 0.00573094
962 20 0.00618618
963 20 0.00579108
964 20 0.00597711
965 20 0.00565451
966 20 0.00580119
967 20 0.00542127
968 20 0.00579726
969 20 0.00549096
970 20 0.00516274
971 20 0.00546286
972 20 0.00564608
973 20 0.00505539
974 20 0.0054016
975 20 0.00525716
976 20 0.0054859
977 20 0.00545162
978 20 0.00560111
979 20 0.00570003
980 20 0.00572869
981 20 0.0054533
982 20 0.00568036
983 20 0.00538867
984 20 0.00566743
985 20 0.00589899
986 20 0.00608164
987 20 0.00653913
988 20 0.00587932
989 20 0.00572701
990 20 0.00571296
991 20 0.00580906
992 20 0.00615977
993 20 0.00582817
994 20 0.00590236
995 20 0.00583998
996 20 0.00608389
997 20 0.00643515
998 20 0.0060097
999 20 0.00612548
1000 20 0.00590461
