1 20 0.00628174
2 20 0.00639696
3 20 0.00640258
4 20 0.00661503
5 20 0.00685838
6 20 0.00636324
7 20 0.00667179
8 20 0.00727484
9 20 0.00695337
10 20 0.0076351
11 20 0.00728721
12 20 0.00665043
13 20 0.00630647
14 20 0.0060294
15 20 0.00614348
16 20 0.00684152
17 20 0.00619632
18 20 0.00611763
19 20 0.00635706
20 20 0.00691121
21 20 0.00635031
22 20 0.0062986
23 20 0.00648295
24 20 0.00599174
25 20 0.00657962
26 20 0.00655376
27 20 0.00668135
28 20 0.00698427
29 20 0.0071422
30 20 0.00700619
31 20 0.00712253
32 20 0.00642843
33 20 0.00631996
34 20 0.00665662
35 20 0.00641326
36 20 0.00590856
37 20 0.00611258
38 20 0.0063402
39 20 0.00660266
40 20 0.00635762
41 20 0.00648632
42 20 0.00586191
43 20 0.0056489
44 20 0.00589901
45 20 0.00537913
46 20 0.0059198
47 20 0.00590463
48 20 0.00620082
49 20 0.00664818
50 20 0.00656725
51 20 0.00624353
52 20 0.00652622
53 20 0.00683871
54 20 0.00621205
55 20 0.00589788
56 20 0.00611988
57 20 0.00578829
58 20 0.00548086
59 20 0.00532406
60 20 0.00543365
61 20 0.00559832
62 20 0.00528471
63 20 0.00527684
64 20 0.00513409
65 20 0.00518018
66 20 0.00569331
67 20 0.00600298
68 20 0.00555224
69 20 0.00528921
70 20 0.0050318
71 20 0.00571466
72 20 0.00542016
73 20 0.00560787
74 20 0.00565677
75 20 0.00535497
76 20 0.00476878
77 20 0.00445011
78 20 0.00461815
79 20 0.00511161
80 20 0.0051695
81 20 0.00572534
82 20 0.00499808
83 20 0.00454396
84 20 0.00481205
85 20 0.00494019
86 20 0.00493907
87 20 0.00477777
88 20 0.00510205
89 20 0.00509587
90 20 0.00512116
91 20 0.00549435
92 20 0.00519872
93 20 0.00528303
94 20 0.00584842
95 20 0.00619744
96 20 0.00606649
97 20 0.00590294
98 20 0.0059923
99 20 0.00624971
100 20 0.00598612
101 20 0.00546063
102 20 0.00580234
103 20 0.00577367
104 20 0.00561069
105 20 0.00538869
106 20 0.00497504
107 20 0.00552301
108 20 0.00580908
109 20 0.00608223
110 20 0.00560788
111 20 0.00566014
112 20 0.00563429
113 20 0.00604176
114 20 0.00664031
115 20 0.0059479
116 20 0.00553706
117 20 0.00569892
118 20 0.00551739
119 20 0.00703429
120 20 0.00593835
121 20 0.00634975
122 20 0.00609346
123 20 0.00627163
124 20 0.00652285
125 20 0.00649363
126 20 0.00626938
127 20 0.00683028
128 20 0.00602378
129 20 0.00598837
130 20 0.0062306
131 20 0.00720065
132 20 0.00686794
133 20 0.0066583
134 20 0.00654983
135 20 0.00671281
136 20 0.00681229
137 20 0.00628287
138 20 0.00711522
139 20 0.00664538
140 20 0.00665493
141 20 0.00625589
142 20 0.00623454
143 20 0.00654927
144 20 0.00650318
145 20 0.00625027
146 20 0.00678757
147 20 0.00682353
148 20 0.00743389
149 20 0.00726304
150 20 0.00596251
151 20 0.00654421
152 20 0.00632839
153 20 0.00595015
154 20 0.00539093
155 20 0.00562642
156 20 0.00554774
157 20 0.00559439
158 20 0.0059642
159 20 0.00569443
160 20 0.00556853
161 20 0.00601815
162 20 0.00586023
163 20 0.00628793
164 20 0.00611089
165 20 0.00609909
166 20 0.00644529
167 20 0.00624521
168 20 0.00667291
169 20 0.00570398
170 20 0.00620587
171 20 0.00614742
172 20 0.0061137
173 20 0.00637785
174 20 0.00593834
175 20 0.0063357
176 20 0.00634525
177 20 0.00714501
178 20 0.00639639
179 20 0.0066021
180 20 0.0066493
181 20 0.00640988
182 20 0.00606818
183 20 0.00615922
184 20 0.00680836
185 20 0.00754742
186 20 0.00765589
187 20 0.00733104
188 20 0.00798805
189 20 0.00737038
190 20 0.00732093
191 20 0.00742659
192 20 0.00760643
193 20 0.0073361
194 20 0.00729957
195 20 0.00819825
196 20 0.0082404
197 20 0.00886874
198 20 0.00814148
199 20 0.00765027
200 20 0.00799648
201 20 0.00772952
202 20 0.00790656
203 20 0.00788632
204 20 0.00822747
205 20 0.00877545
206 20 0.00851691
207 20 0.0090278
208 20 0.00916493
209 20 0.00882996
210 20 0.00876083
211 20 0.00921944
212 20 0.00949203
213 20 0.00795152
214 20 0.00831459
215 20 0.00791667
216 20 0.00799029
217 20 0.0075862
218 20 0.00747886
219 20 0.00732542
220 20 0.00774582
221 20 0.00747267
222 20 0.00789025
223 20 0.00759126
224 20 0.00832526
225 20 0.0082758
226 20 0.00738556
227 20 0.00715063
228 20 0.00775313
229 20 0.0074204
230 20 0.00771153
231 20 0.00759014
232 20 0.0076379
233 20 0.00694156
234 20 0.00749684
235 20 0.00717537
236 20 0.00686456
237 20 0.00746143
238 20 0.00664144
239 20 0.00663582
240 20 0.00771603
241 20 0.00746705
242 20 0.00716918
243 20 0.00678363
244 20 0.00725011
245 20 0.00697022
246 20 0.00691627
247 20 0.00700114
248 20 0.00644248
249 20 0.00646215
250 20 0.0071866
251 20 0.00736083
252 20 0.00701406
253 20 0.00745525
254 20 0.00710005
255 20 0.00750415
256 20 0.00764409
257 20 0.00765927
258 20 0.0075654
259 20 0.00754405
260 20 0.00682578
261 20 0.00684883
262 20 0.00668978
263 20 0.00639696
264 20 0.00675665
265 20 0.00668359
266 20 0.00600017
267 20 0.00594734
268 20 0.00664818
269 20 0.00677183
270 20 0.00645316
271 20 0.00644922
272 20 0.00699889
273 20 0.00704722
274 20 0.00659592
275 20 0.00660996
276 20 0.00651442
277 20 0.00687412
278 20 0.00692414
279 20 0.00743108
280 20 0.00753506
281 20 0.00747999
282 20 0.00743052
283 20 0.00686737
284 20 0.00683984
285 20 0.00661895
286 20 0.00700395
287 20 0.00688536
288 20 0.00746199
289 20 0.00676565
290 20 0.00662682
291 20 0.00707757
292 20 0.00662458
293 20 0.0069292
294 20 0.00663076
295 20 0.00668359
296 20 0.0071512
297 20 0.00724112
298 20 0.00665999
299 20 0.0069039
300 20 0.0070905
301 20 0.00732374
302 20 0.00776323
303 20 0.00766601
304 20 0.00766095
305 20 0.00737263
306 20 0.00737207
307 20 0.00762835
308 20 0.00782506
309 20 0.00767894
310 20 0.0071748
311 20 0.00768792
312 20 0.00771771
313 20 0.00739399
314 20 0.00680892
315 20 0.00677857
316 20 0.00688873
317 20 0.00708713
318 20 0.00664819
319 20 0.0062424
320 20 0.00619913
321 20 0.00691683
322 20 0.0066746
323 20 0.00679319
324 20 0.00662346
325 20 0.00662964
326 20 0.00690053
327 20 0.0064644
328 20 0.00671506
329 20 0.00527741
330 20 0.00568094
331 20 0.0062025
332 20 0.00668528
333 20 0.00670495
334 20 0.00673529
335 20 0.00731249
336 20 0.00750358
337 20 0.00752382
338 20 0.00797006
339 20 0.00795489
340 20 0.00829492
341 20 0.00739736
342 20 0.00798692
343 20 0.00760081
344 20 0.00728383
345 20 0.00627275
346 20 0.00656219
347 20 0.00706015
348 20 0.00675947
349 20 0.00621149
350 20 0.00667741
351 20 0.00680836
352 20 0.00703205
353 20 0.00672855
354 20 0.00714951
355 20 0.00722313
356 20 0.00640089
357 20 0.00649644
358 20 0.00646047
359 20 0.00624015
360 20 0.00622779
361 20 0.00615416
362 20 0.00692358
363 20 0.00608953
364 20 0.00591531
365 20 0.00593553
366 20 0.00590969
367 20 0.00616484
368 20 0.00630197
369 20 0.00663357
370 20 0.00682297
371 20 0.00647059
372 20 0.00642843
373 20 0.00590631
374 20 0.00582875
375 20 0.0061744
376 20 0.00613393
377 20 0.00656782
378 20 0.00736532
379 20 0.00694943
380 20 0.00680779
381 20 0.00703373
382 20 0.00634469
383 20 0.00621374
384 20 0.00653128
385 20 0.00710623
386 20 0.00697922
387 20 0.00668809
388 20 0.00666055
389 20 0.00651779
390 20 0.0065785
391 20 0.00683309
392 20 0.00697978
393 20 0.00612382
394 20 0.00618564
395 20 0.00624521
396 20 0.00607998
397 20 0.00628343
398 20 0.00629129
399 20 0.00646946
400 20 0.00589338
401 20 0.0056534
402 20 0.00565115
403 20 0.00604176
404 20 0.00606705
405 20 0.00647958
406 20 0.00635762
407 20 0.00705565
408 20 0.00775593
409 20 0.00905477
410 20 0.00848151
411 20 0.008631
412 20 0.00947348
413 20 0.0100349
414 20 0.0107549
415 20 0.0114473
416 20 0.0140231
417 20 0.0175458
418 20 0.023211
419 20 0.0308917
420 20 0.0437513
421 20 0.0605086
422 20 0.0847954
423 20 0.117738
424 20 0.155627
425 20 0.205235
426 20 0.26109
427 20 0.318103
428 20 0.374334
429 20 0.430765
430 20 0.488048
431 20 0.540952
432 20 0.588239
433 20 0.624441
434 20 0.650353
435 20 0.678765
436 20 0.699523
437 20 0.722096
438 20 0.738815
439 20 0.742212
440 20 0.74919
441 20 0.76509
442 20 0.767806
443 20 0.76673
444 20 0.779235
445 20 0.772285
446 20 0.782104
447 20 0.782874
448 20 0.779943
449 20 0.780442
450 20 0.778878
451 20 0.779918
452 20 0.788583
453 20 0.79053
454 20 0.78177
455 20 0.780089
456 20 0.779897
457 20 0.792373
458 20 0.793008
459 20 0.78532
460 20 0.780171
461 20 0.777521
462 20 0.788896
463 20 0.792973
464 20 0.788255
465 20 0.780218
466 20 0.778228
467 20 0.78827
468 20 0.79172
469 20 0.792884
470 20 0.782447
471 20 0.779296
472 20 0.785103
473 20 0.785685
474 20 0.791523
475 20 0.788392
476 20 0.785467
477 20 0.785333
478 20 0.787659
479 20 0.785811
480 20 0.783694
481 20 0.783952
482 20 0.786653
483 20 0.79148
484 20 0.77899
485 20 0.784227
486 20 0.78826
487 20 0.787789
488 20 0.781981
489 20 0.781099
490 20 0.782338
491 20 0.788397
492 20 0.783874
493 20 0.780053
494 20 0.783109
495 20 0.779427
496 20 0.787492
497 20 0.78368
498 20 0.775331
499 20 0.778678
500 20 0.78488
501 20 0.785766
502 20 0.780702
503 20 0.773003
504 20 0.777408
505 20 0.776801
506 20 0.786037
507 20 0.775174
508 20 0.775001
509 20 0.77459
510 20 0.778495
511 20 0.778829
512 20 0.776386
513 20 0.771054
514 20 0.776898
515 20 0.776301
516 20 0.775457
517 20 0.774428
518 20 0.771039
519 20 0.779031
520 20 0.774521
521 20 0.771542
522 20 0.776667
523 20 0.770386
524 20 0.772537
525 20 0.775604
526 20 0.773984
527 20 0.772986
528 20 0.772717
529 20 0.767692
530 20 0.773418
531 20 0.77564
532 20 0.772859
533 20 0.768157
534 20 0.772757
535 20 0.773895
536 20 0.774226
537 20 0.769359
538 20 0.768712
539 20 0.775433
540 20 0.769295
541 20 0.776118
542 20 0.769432
543 20 0.768659
544 20 0.765438
545 20 0.769349
546 20 0.775153
547 20 0.76874
548 20 0.769105
549 20 0.763556
550 20 0.756171
551 20 0.76631
552 20 0.764987
553 20 0.762471
554 20 0.755561
555 20 0.753294
556 20 0.757846
557 20 0.754905
558 20 0.745672
559 20 0.7393
560 20 0.736199
561 20 0.734024
562 20 0.72675
563 20 0.713466
564 20 0.703754
565 20 0.688927
566 20 0.672367
567 20 0.647774
568 20 0.621789
569 20 0.589328
570 20 0.555658
571 20 0.514456
572 20 0.466039
573 20 0.415206
574 20 0.362746
575 20 0.310671
576 20 0.263049
577 20 0.215289
578 20 0.174204
579 20 0.140314
580 20 0.113122
581 20 0.0906602
582 20 0.0700248
583 20 0.0563019
584 20 0.0449147
585 20 0.0366687
586 20 0.0310412
587 20 0.0253928
588 20 0.0204712
589 20 0.0171654
590 20 0.0149071
591 20 0.0131907
592 20 0.010575
593 20 0.00949259
594 20 0.00870857
595 20 0.00768737
596 20 0.00704273
597 20 0.00758901
598 20 0.00803863
599 20 0.00663919
600 20 0.0064689
601 20 0.00710287
602 20 0.00707251
603 20 0.00674429
604 20 0.00658524
605 20 0.00665943
606 20 0.00667235
607 20 0.00744626
608 20 0.00715063
609 20 0.0070208
610 20 0.00677633
611 20 0.00725461
612 20 0.00677239
613 20 0.00657962
614 20 0.00688479
615 20 0.00662289
616 20 0.00599455
617 20 0.00591025
618 20 0.00602715
619 20 0.00646777
620 20 0.00633626
621 20 0.00641719
622 20 0.00583775
623 20 0.00558202
624 20 0.0056326
625 20 0.0057866
626 20 0.0061137
627 20 0.00625758
628 20 0.00595464
629 20 0.00657681
630 20 0.00621543
631 20 0.00640033
632 20 0.00676284
633 20 0.00653241
634 20 0.00563429
635 20 0.00574895
636 20 0.0058872
637 20 0.00659929
638 20 0.00647115
639 20 0.00635368
640 20 0.00672911
641 20 0.00648913
642 20 0.00655938
643 20 0.00687356
644 20 0.00655714
645 20 0.00674317
646 20 0.00664931
647 20 0.00648407
648 20 0.00643855
649 20 0.00613337
650 20 0.0061536
651 20 0.00594453
652 20 0.00613843
653 20 0.00635762
654 20 0.00641832
655 20 0.00624296
656 20 0.00617889
657 20 0.00610471
658 20 0.0063801
659 20 0.00648295
660 20 0.0065133
661 20 0.00676565
662 20 0.00711354
663 20 0.00657568
664 20 0.00705284
665 20 0.00715232
666 20 0.00731812
667 20 0.00750021
668 20 0.00711073
669 20 0.00691739
670 20 0.00658748
671 20 0.00676171
672 20 0.00695112
673 20 0.00668865
674 20 0.00729957
675 20 0.00778122
676 20 0.007154
677 20 0.00797063
678 20 0.00753449
679 20 0.00745581
680 20 0.00753955
681 20 0.00726079
682 20 0.00692582
683 20 0.00792397
684 20 0.00721358
685 20 0.00760306
686 20 0.00745469
687 20 0.00823309
688 20 0.00758339
689 20 0.00733892
690 20 0.00710118
691 20 0.00663188
692 20 0.00679206
693 20 0.00656613
694 20 0.00664425
695 20 0.00647283
696 20 0.00640258
697 20 0.00647957
698 20 0.00706745
699 20 0.00762779
700 20 0.00736364
701 20 0.00719841
702 20 0.00667966
703 20 0.00647395
704 20 0.00647845
705 20 0.00654028
706 20 0.00632895
707 20 0.00631546
708 20 0.00609066
709 20 0.00643293
710 20 0.00661165
711 20 0.00689379
712 20 0.00637841
713 20 0.0061373
714 20 0.00694662
715 20 0.00691233
716 20 0.00648576
717 20 0.00640707
718 20 0.00656725
719 20 0.00595352
720 20 0.00594397
721 20 0.00612943
722 20 0.00577367
723 20 0.00586247
724 20 0.00588945
725 20 0.00599061
726 20 0.00607042
727 20 0.00590968
728 20 0.0055202
729 20 0.00595127
730 20 0.00612437
731 20 0.00518805
732 20 0.00529202
733 20 0.00595633
734 20 0.00542747
735 20 0.00539993
736 20 0.00624241
737 20 0.00525155
738 20 0.00551851
739 20 0.00577536
740 20 0.00576918
741 20 0.00570398
742 20 0.00584899
743 20 0.00609066
744 20 0.00599904
745 20 0.00602265
746 20 0.00633064
747 20 0.00598837
748 20 0.00649363
749 20 0.00609122
750 20 0.00635256
751 20 0.00629186
752 20 0.0070579
753 20 0.00683422
754 20 0.0061255
755 20 0.00670382
756 20 0.00679206
757 20 0.00740411
758 20 0.00730463
759 20 0.00683366
760 20 0.00708487
761 20 0.00693425
762 20 0.00682634
763 20 0.00643686
764 20 0.00596252
765 20 0.00557303
766 20 0.0055365
767 20 0.00559551
768 20 0.00567532
769 20 0.00585292
770 20 0.00559664
771 20 0.00564778
772 20 0.00570286
773 20 0.00554999
774 20 0.00567925
775 20 0.00647171
776 20 0.00661221
777 20 0.00670945
778 20 0.00725461
779 20 0.00699439
780 20 0.00713152
781 20 0.0064734
782 20 0.0063801
783 20 0.00594678
784 20 0.00587877
785 20 0.00593666
786 20 0.0062677
787 20 0.00608616
788 20 0.00560563
789 20 0.00546175
790 20 0.00510936
791 20 0.00560451
792 20 0.00591924
793 20 0.00584168
794 20 0.00583999
795 20 0.00562193
796 20 0.00604682
797 20 0.00551233
798 20 0.00514027
799 20 0.00578547
800 20 0.00564778
801 20 0.00523863
802 20 0.00524031
803 20 0.00528359
804 20 0.00529314
805 20 0.00493794
806 20 0.00469459
807 20 0.00496885
808 20 0.00563204
809 20 0.00551121
810 20 0.00675947
811 20 0.00577424
812 20 0.00583943
813 20 0.00558933
814 20 0.0063194
815 20 0.00691795
816 20 0.00635874
817 20 0.00573602
818 20 0.0064897
819 20 0.00653803
820 20 0.00648801
821 20 0.00679431
822 20 0.00700844
823 20 0.00663919
824 20 0.00725742
825 20 0.00696685
826 20 0.00629973
827 20 0.0063638
828 20 0.00672687
829 20 0.00639415
830 20 0.00610133
831 20 0.00627444
832 20 0.00698652
833 20 0.0073361
834 20 0.00641213
835 20 0.00588327
836 20 0.00683197
837 20 0.00696404
838 20 0.00668584
839 20 0.00620643
840 20 0.00642
841 20 0.00646665
842 20 0.00600129
843 20 0.00617946
844 20 0.00606817
845 20 0.00652735
846 20 0.00615248
847 20 0.00623172
848 20 0.00655376
849 20 0.00670157
850 20 0.006565
851 20 0.00626094
852 20 0.00620418
853 20 0.00700058
854 20 0.0066066
855 20 0.00657175
856 20 0.00632952
857 20 0.00655601
858 20 0.00662514
859 20 0.00652004
860 20 0.00678757
861 20 0.00672125
862 20 0.00641888
863 20 0.00679656
864 20 0.00705678
865 20 0.00635818
866 20 0.00589732
867 20 0.00588664
868 20 0.00549266
869 20 0.00549997
870 20 0.0057703
871 20 0.00548198
872 20 0.00507227
873 20 0.00586416
874 20 0.00551851
875 20 0.00567476
876 20 0.00557472
877 20 0.00565059
878 20 0.00581414
879 20 0.00656612
880 20 0.00628231
881 20 0.00618227
882 20 0.00648126
883 20 0.00699383
884 20 0.00718941
885 20 0.00717761
886 20 0.00750977
887 20 0.00661615
888 20 0.00616878
889 20 0.00643349
890 20 0.00633401
891 20 0.0061654
892 20 0.00640538
893 20 0.00620363
894 20 0.00585236
895 20 0.005976
896 20 0.00651779
897 20 0.00689941
898 20 0.00727653
899 20 0.00714276
900 20 0.00713489
901 20 0.00703092
902 20 0.0076233
903 20 0.00757384
904 20 0.00758789
905 20 0.00677183
906 20 0.00674766
907 20 0.00716131
908 20 0.00737432
909 20 0.00698764
910 20 0.00669146
911 20 0.00710342
912 20 0.00710399
913 20 0.00679937
914 20 0.0070017
915 20 0.00679768
916 20 0.00649812
917 20 0.00682916
918 20 0.00704497
919 20 0.00677351
920 20 0.00704273
921 20 0.00643236
922 20 0.00630872
923 20 0.00607323
924 20 0.00619351
925 20 0.00682859
926 20 0.00619856
927 20 0.00640202
928 20 0.0057911
929 20 0.00634245
930 20 0.0066864
931 20 0.00616765
932 20 0.00584955
933 20 0.00589844
934 20 0.00658186
935 20 0.00656894
936 20 0.00662177
937 20 0.00648913
938 20 0.0062261
939 20 0.00657287
940 20 0.00645991
941 20 0.00669483
942 20 0.0065532
943 20 0.00692414
944 20 0.00656782
945 20 0.0065206
946 20 0.00729732
947 20 0.00673642
948 20 0.00631996
949 20 0.00666954
950 20 0.00631603
951 20 0.00678813
952 20 0.00604626
953 20 0.00618171
954 20 0.00651274
955 20 0.0072591
956 20 0.00605693
957 20 0.00607379
958 20 0.00605131
959 20 0.0062306
960 20 0.00638347
961 20 0.00646553
962 20 0.0064408
963 20 0.00650993
964 20 0.00709218
965 20 0.00714277
966 20 0.00842586
967 20 0.00745806
968 20 0.00725292
969 20 0.00764015
970 20 0.007607
971 20 0.00742996
972 20 0.00716468
973 20 0.00749459
974 20 0.00695954
975 20 0.00663357
976 20 0.00653353
977 20 0.00629748
978 20 0.00621543
979 20 0.00644642
980 20 0.0063031
981 20 0.0057703
982 20 0.005985
983 20 0.00595408
984 20 0.00635931
985 20 0.00592711
986 20 0.0062424
987 20 0.0060041
988 20 0.00556685
989 20 0.00598949
990 20 0.00614629
991 20 0.00634075
992 20 0.00610415
993 20 0.00582987
994 20 0.00596307
995 20 0.00582088
996 20 0.00581302
997 20 0.00561462
998 20 0.00621486
999 20 0.00632783
1000 20 0.00649812
