1 20 0.0072293
2 20 0.00667627
3 20 0.00704102
4 20 0.0066195
5 20 0.00724391
6 20 0.00677799
7 20 0.00691513
8 20 0.00701011
9 20 0.00657005
10 20 0.00672966
11 20 0.00657454
12 20 0.00689882
13 20 0.00698595
14 20 0.0078301
15 20 0.00750975
16 20 0.00740746
17 20 0.00706968
18 20 0.00789698
19 20 0.00785483
20 20 0.00839774
21 20 0.0078627
22 20 0.00744792
23 20 0.00705226
24 20 0.00755078
25 20 0.00687297
26 20 0.00666165
27 20 0.00654981
28 20 0.00664817
29 20 0.00658747
30 20 0.00673078
31 20 0.00705844
32 20 0.00654026
33 20 0.00723211
34 20 0.00711465
35 20 0.00705282
36 20 0.0064301
37 20 0.00674315
38 20 0.00633961
39 20 0.00603668
40 20 0.00662175
41 20 0.00675382
42 20 0.00645595
43 20 0.00655768
44 20 0.00658915
45 20 0.00645539
46 20 0.00752098
47 20 0.00719277
48 20 0.00696571
49 20 0.00715174
50 20 0.00705788
51 20 0.00659871
52 20 0.00664535
53 20 0.00704327
54 20 0.00700506
55 20 0.00742263
56 20 0.00750131
57 20 0.00726752
58 20 0.00761822
59 20 0.00697414
60 20 0.00672797
61 20 0.00726864
62 20 0.00664423
63 20 0.00668526
64 20 0.00689489
65 20 0.00720008
66 20 0.00766992
67 20 0.00736981
68 20 0.00711633
69 20 0.00673303
70 20 0.00633062
71 20 0.00771489
72 20 0.00777109
73 20 0.00771489
74 20 0.00845394
75 20 0.0081319
76 20 0.00815607
77 20 0.00820891
78 20 0.00828197
79 20 0.00798465
80 20 0.0084562
81 20 0.00897438
82 20 0.00876305
83 20 0.00863098
84 20 0.00803804
85 20 0.00753785
86 20 0.00797116
87 20 0.0076615
88 20 0.00722086
89 20 0.00785314
90 20 0.00796892
91 20 0.00816507
92 20 0.00803749
93 20 0.00810605
94 20 0.00722311
95 20 0.00762946
96 20 0.0082134
97 20 0.0084545
98 20 0.00841798
99 20 0.00816057
100 20 0.00788911
101 20 0.00802793
102 20 0.0093633
103 20 0.00891705
104 20 0.00874901
105 20 0.00899012
106 20 0.00995341
107 20 0.00963026
108 20 0.00957181
109 20 0.00887041
110 20 0.00794194
111 20 0.00756932
112 20 0.00721412
113 20 0.00723154
114 20 0.00705788
115 20 0.00744456
116 20 0.00702304
117 20 0.00781267
118 20 0.00736756
119 20 0.00723211
120 20 0.00726246
121 20 0.00684993
122 20 0.00744961
123 20 0.00766992
124 20 0.00767724
125 20 0.00845282
126 20 0.00776322
127 20 0.00871248
128 20 0.00827859
129 20 0.00827297
130 20 0.00789192
131 20 0.00784808
132 20 0.00816618
133 20 0.00868437
134 20 0.00763677
135 20 0.00776659
136 20 0.00768285
137 20 0.00733889
138 20 0.00738835
139 20 0.00815663
140 20 0.0070146
141 20 0.00705901
142 20 0.00701461
143 20 0.00710172
144 20 0.00667795
145 20 0.00710734
146 20 0.00739172
147 20 0.0073254
148 20 0.0080639
149 20 0.00803356
150 20 0.00789923
151 20 0.00784752
152 20 0.00844664
153 20 0.00804199
154 20 0.00788237
155 20 0.00809537
156 20 0.00791216
157 20 0.00806839
158 20 0.00850734
159 20 0.00869056
160 20 0.00845395
161 20 0.0079987
162 20 0.0087299
163 20 0.00831512
164 20 0.00755358
165 20 0.00813865
166 20 0.00779638
167 20 0.00777671
168 20 0.00825948
169 20 0.00730349
170 20 0.0072928
171 20 0.00752998
172 20 0.00663299
173 20 0.00689658
174 20 0.00670324
175 20 0.0072085
176 20 0.00664536
177 20 0.00674427
178 20 0.0072175
179 20 0.00689771
180 20 0.00693367
181 20 0.00725515
182 20 0.00751818
183 20 0.00699325
184 20 0.00708036
185 20 0.00743949
186 20 0.0075755
187 20 0.00801051
188 20 0.00897156
189 20 0.00897832
190 20 0.00890918
191 20 0.00843315
192 20 0.00859389
193 20 0.0090716
194 20 0.00920593
195 20 0.00882151
196 20 0.00861749
197 20 0.00836402
198 20 0.00786045
199 20 0.00786326
200 20 0.00808526
201 20 0.00797679
202 20 0.00827241
203 20 0.00808357
204 20 0.00824375
205 20 0.00878385
206 20 0.00765306
207 20 0.00735856
208 20 0.00752549
209 20 0.00764745
210 20 0.00779413
211 20 0.00793351
212 20 0.0074586
213 20 0.00744062
214 20 0.00692861
215 20 0.0072737
216 20 0.00681902
217 20 0.00701573
218 20 0.00674596
219 20 0.00730011
220 20 0.00724335
221 20 0.00746534
222 20 0.00752548
223 20 0.00763058
224 20 0.00780537
225 20 0.00770702
226 20 0.00732653
227 20 0.00704102
228 20 0.0070798
229 20 0.00741421
230 20 0.00811448
231 20 0.00782054
232 20 0.00821733
233 20 0.00862255
234 20 0.00765924
235 20 0.00768734
236 20 0.00778795
237 20 0.00721413
238 20 0.00783178
239 20 0.00783179
240 20 0.00791497
241 20 0.00763676
242 20 0.00831906
243 20 0.00812629
244 20 0.0078627
245 20 0.00812797
246 20 0.00829714
247 20 0.00824881
248 20 0.00825499
249 20 0.00751818
250 20 0.00752042
251 20 0.00787281
252 20 0.00772781
253 20 0.00773399
254 20 0.00809257
255 20 0.00914129
256 20 0.00836346
257 20 0.0076896
258 20 0.00748446
259 20 0.00783741
260 20 0.00821396
261 20 0.00897776
262 20 0.00789136
263 20 0.0079425
264 20 0.00780874
265 20 0.00817181
266 20 0.00865627
267 20 0.0083095
268 20 0.00875631
269 20 0.00806278
270 20 0.00858209
271 20 0.00879004
272 20 0.00811055
273 20 0.00833255
274 20 0.00742713
275 20 0.00728831
276 20 0.00732653
277 20 0.00716579
278 20 0.00758
279 20 0.00787956
280 20 0.00759292
281 20 0.00734508
282 20 0.00770477
283 20 0.00799589
284 20 0.00740971
285 20 0.00792171
286 20 0.00841404
287 20 0.00802906
288 20 0.00847193
289 20 0.00875687
290 20 0.00783516
291 20 0.00825611
292 20 0.00826511
293 20 0.00836627
294 20 0.00791328
295 20 0.00794025
296 20 0.0074749
297 20 0.00833255
298 20 0.00796105
299 20 0.0083185
300 20 0.00862143
301 20 0.00822633
302 20 0.00841797
303 20 0.00821058
304 20 0.00878329
305 20 0.00942231
306 20 0.00952123
307 20 0.00876698
308 20 0.00881757
309 20 0.00891087
310 20 0.00869168
311 20 0.0089564
312 20 0.00947683
313 20 0.00979999
314 20 0.00882039
315 20 0.00848711
316 20 0.008835
317 20 0.0082623
318 20 0.00815608
319 20 0.0082932
320 20 0.00857703
321 20 0.00964093
322 20 0.00842415
323 20 0.00844945
324 20 0.0086383
325 20 0.00952685
326 20 0.00862312
327 20 0.00887659
328 20 0.00835447
329 20 0.00812404
330 20 0.00850171
331 20 0.00849609
332 20 0.00885018
333 20 0.00869505
334 20 0.00834997
335 20 0.0085315
336 20 0.00851464
337 20 0.00845001
338 20 0.00829657
339 20 0.00831401
340 20 0.00868887
341 20 0.00907329
342 20 0.00868718
343 20 0.00871865
344 20 0.00870011
345 20 0.00878385
346 20 0.00862817
347 20 0.00859502
348 20 0.00828421
349 20 0.0083067
350 20 0.00858602
351 20 0.00851014
352 20 0.00796218
353 20 0.00815213
354 20 0.0079515
355 20 0.00815888
356 20 0.00866583
357 20 0.00862649
358 20 0.00775929
359 20 0.0084663
360 20 0.00815215
361 20 0.00869112
362 20 0.00870236
363 20 0.00832356
364 20 0.00838763
365 20 0.00938184
366 20 0.00955101
367 20 0.00925258
368 20 0.00987754
369 20 0.00956394
370 20 0.00901821
371 20 0.00910365
372 20 0.00924021
373 20 0.00891705
374 20 0.00968984
375 20 0.00971344
376 20 0.0090362
377 20 0.00912949
378 20 0.00961283
379 20 0.00918738
380 20 0.00892773
381 20 0.00989947
382 20 0.0098028
383 20 0.00856747
384 20 0.00915648
385 20 0.00889064
386 20 0.00891874
387 20 0.00873552
388 20 0.00852532
389 20 0.00834717
390 20 0.00789024
391 20 0.00715399
392 20 0.0079234
393 20 0.00762497
394 20 0.00698931
395 20 0.00694098
396 20 0.00729168
397 20 0.00687635
398 20 0.0070843
399 20 0.00729562
400 20 0.00738329
401 20 0.00699718
402 20 0.00649305
403 20 0.00718659
404 20 0.00681059
405 20 0.00710902
406 20 0.00685387
407 20 0.00806334
408 20 0.0081201
409 20 0.00842922
410 20 0.00827746
411 20 0.00877093
412 20 0.0092537
413 20 0.00956675
414 20 0.00992869
415 20 0.0109881
416 20 0.0134042
417 20 0.0160222
418 20 0.0205189
419 20 0.0273216
420 20 0.0364191
421 20 0.0519641
422 20 0.0736997
423 20 0.102455
424 20 0.134526
425 20 0.176567
426 20 0.22678
427 20 0.282148
428 20 0.346555
429 20 0.404755
430 20 0.46208
431 20 0.518781
432 20 0.56752
433 20 0.610312
434 20 0.643364
435 20 0.678472
436 20 0.699878
437 20 0.709467
438 20 0.72986
439 20 0.743268
440 20 0.74632
441 20 0.755619
442 20 0.760491
443 20 0.767049
444 20 0.773038
445 20 0.767248
446 20 0.775468
447 20 0.772691
448 20 0.781569
449 20 0.778543
450 20 0.777667
451 20 0.778871
452 20 0.775418
453 20 0.783679
454 20 0.781572
455 20 0.779444
456 20 0.780623
457 20 0.777914
458 20 0.78295
459 20 0.780923
460 20 0.781414
461 20 0.779071
462 20 0.780781
463 20 0.784079
464 20 0.781938
465 20 0.783809
466 20 0.785469
467 20 0.786097
468 20 0.780812
469 20 0.77809
470 20 0.782018
471 20 0.781592
472 20 0.789346
473 20 0.781646
474 20 0.774286
475 20 0.783583
476 20 0.78421
477 20 0.781388
478 20 0.780437
479 20 0.784639
480 20 0.784249
481 20 0.779101
482 20 0.777932
483 20 0.782541
484 20 0.781567
485 20 0.782288
486 20 0.784406
487 20 0.778269
488 20 0.775721
489 20 0.777367
490 20 0.784164
491 20 0.779631
492 20 0.780812
493 20 0.776352
494 20 0.775418
495 20 0.780274
496 20 0.777511
497 20 0.781543
498 20 0.784721
499 20 0.776152
500 20 0.778263
501 20 0.779655
502 20 0.783584
503 20 0.778897
504 20 0.783609
505 20 0.781577
506 20 0.779295
507 20 0.778279
508 20 0.784895
509 20 0.779071
510 20 0.777291
511 20 0.774976
512 20 0.783102
513 20 0.780839
514 20 0.77576
515 20 0.778853
516 20 0.781348
517 20 0.782779
518 20 0.774384
519 20 0.774432
520 20 0.783077
521 20 0.77766
522 20 0.775689
523 20 0.778248
524 20 0.776381
525 20 0.782575
526 20 0.780423
527 20 0.774921
528 20 0.777495
529 20 0.776917
530 20 0.779713
531 20 0.781806
532 20 0.777385
533 20 0.776716
534 20 0.780453
535 20 0.783245
536 20 0.779781
537 20 0.77743
538 20 0.772754
539 20 0.774311
540 20 0.785642
541 20 0.777533
542 20 0.777809
543 20 0.772279
544 20 0.778008
545 20 0.778747
546 20 0.774242
547 20 0.779139
548 20 0.772919
549 20 0.776556
550 20 0.769451
551 20 0.775327
552 20 0.764572
553 20 0.772379
554 20 0.772307
555 20 0.770289
556 20 0.7615
557 20 0.758051
558 20 0.757632
559 20 0.753834
560 20 0.747714
561 20 0.736153
562 20 0.728016
563 20 0.71929
564 20 0.706955
565 20 0.690322
566 20 0.667242
567 20 0.642995
568 20 0.609466
569 20 0.57311
570 20 0.53044
571 20 0.479958
572 20 0.429377
573 20 0.373614
574 20 0.316357
575 20 0.258265
576 20 0.210856
577 20 0.165592
578 20 0.127925
579 20 0.0951718
580 20 0.0708902
581 20 0.0517797
582 20 0.0407079
583 20 0.0314806
584 20 0.0250763
585 20 0.0197315
586 20 0.0167618
587 20 0.014462
588 20 0.0127944
589 20 0.0112444
590 20 0.0100175
591 20 0.00956787
592 20 0.0101243
593 20 0.00812179
594 20 0.00807345
595 20 0.00762665
596 20 0.00789586
597 20 0.0074468
598 20 0.00763283
599 20 0.00733608
600 20 0.00760811
601 20 0.00846069
602 20 0.00808413
603 20 0.00732765
604 20 0.00711352
605 20 0.00727595
606 20 0.00734002
607 20 0.00769296
608 20 0.00811954
609 20 0.00754235
610 20 0.0076643
611 20 0.00755864
612 20 0.00774355
613 20 0.00715567
614 20 0.00744849
615 20 0.0076733
616 20 0.00716859
617 20 0.00710958
618 20 0.00760922
619 20 0.0076244
620 20 0.00773175
621 20 0.00716691
622 20 0.00716804
623 20 0.00736419
624 20 0.00761653
625 20 0.00738441
626 20 0.00696177
627 20 0.00722312
628 20 0.00711071
629 20 0.00680778
630 20 0.00724503
631 20 0.00707587
632 20 0.00660039
633 20 0.00661782
634 20 0.00669649
635 20 0.00704496
636 20 0.0075918
637 20 0.00745467
638 20 0.00741476
639 20 0.00693255
640 20 0.00659758
641 20 0.0074586
642 20 0.00753335
643 20 0.00792115
644 20 0.00791778
645 20 0.00731248
646 20 0.00714724
647 20 0.00688703
648 20 0.00710846
649 20 0.00732147
650 20 0.00706294
651 20 0.00688028
652 20 0.00682632
653 20 0.00747939
654 20 0.0072928
655 20 0.00728775
656 20 0.00679036
657 20 0.0072012
658 20 0.00726302
659 20 0.00648237
660 20 0.00712364
661 20 0.00808358
662 20 0.00773399
663 20 0.00719558
664 20 0.00744118
665 20 0.00703315
666 20 0.00701517
667 20 0.00737206
668 20 0.00693592
669 20 0.00702978
670 20 0.00685331
671 20 0.00741589
672 20 0.00769971
673 20 0.00766768
674 20 0.0070191
675 20 0.00728213
676 20 0.00742938
677 20 0.0066358
678 20 0.00634524
679 20 0.00633175
680 20 0.00657904
681 20 0.00635142
682 20 0.00596924
683 20 0.00660208
684 20 0.00674596
685 20 0.00626037
686 20 0.00669031
687 20 0.00707474
688 20 0.00677912
689 20 0.00758787
690 20 0.00710621
691 20 0.00682577
692 20 0.00735969
693 20 0.00702472
694 20 0.0066566
695 20 0.00689152
696 20 0.00748165
697 20 0.00735519
698 20 0.00751762
699 20 0.00807402
700 20 0.00781324
701 20 0.00767049
702 20 0.00742882
703 20 0.0076126
704 20 0.00769803
705 20 0.0076688
706 20 0.00721974
707 20 0.00700112
708 20 0.00723998
709 20 0.00679598
710 20 0.00730742
711 20 0.00723098
712 20 0.00684038
713 20 0.0067808
714 20 0.00742263
715 20 0.00702304
716 20 0.00698706
717 20 0.00682857
718 20 0.00631264
719 20 0.00672404
720 20 0.00640593
721 20 0.00624014
722 20 0.00646776
723 20 0.00666503
724 20 0.00660939
725 20 0.00641043
726 20 0.00671505
727 20 0.00645652
728 20 0.00681228
729 20 0.00598385
730 20 0.00628117
731 20 0.00621541
732 20 0.00664311
733 20 0.00657454
734 20 0.00661726
735 20 0.00606254
736 20 0.00631095
737 20 0.00672573
738 20 0.00661164
739 20 0.00650148
740 20 0.00652003
741 20 0.00711521
742 20 0.00729168
743 20 0.00663974
744 20 0.00671055
745 20 0.00683982
746 20 0.00754065
747 20 0.00707474
748 20 0.00724841
749 20 0.00761035
750 20 0.00810212
751 20 0.00676956
752 20 0.00681228
753 20 0.0079352
754 20 0.00701404
755 20 0.00755696
756 20 0.00729787
757 20 0.00806334
758 20 0.00748446
759 20 0.00768678
760 20 0.0081971
761 20 0.00847024
762 20 0.00848148
763 20 0.00844888
764 20 0.00839381
765 20 0.00875856
766 20 0.00798073
767 20 0.0086692
768 20 0.00905362
769 20 0.00921324
770 20 0.00933294
771 20 0.00937847
772 20 0.00945379
773 20 0.00874114
774 20 0.00893897
775 20 0.00952741
776 20 0.00894178
777 20 0.00815438
778 20 0.00813191
779 20 0.00822351
780 20 0.00731866
781 20 0.00716972
782 20 0.00732091
783 20 0.00675832
784 20 0.00755696
785 20 0.00754066
786 20 0.00723885
787 20 0.00762664
788 20 0.00700955
789 20 0.00748726
790 20 0.00687016
791 20 0.00675495
792 20 0.00601083
793 20 0.0061446
794 20 0.00630646
795 20 0.00633737
796 20 0.00680272
797 20 0.00684488
798 20 0.00724391
799 20 0.00692243
800 20 0.00678755
801 20 0.00716241
802 20 0.00836458
803 20 0.00822464
804 20 0.00861581
805 20 0.00801893
806 20 0.00839324
807 20 0.00879116
808 20 0.00803804
809 20 0.00885354
810 20 0.00909128
811 20 0.00837526
812 20 0.00798016
813 20 0.00809256
814 20 0.00804873
815 20 0.00854331
816 20 0.00836627
817 20 0.0081853
818 20 0.00762384
819 20 0.00743275
820 20 0.00743612
821 20 0.0073136
822 20 0.00694717
823 20 0.00723211
824 20 0.00688984
825 20 0.0064627
826 20 0.0065397
827 20 0.00670381
828 20 0.00718377
829 20 0.00720401
830 20 0.00711745
831 20 0.00726639
832 20 0.00743219
833 20 0.00747603
834 20 0.00761653
835 20 0.00753673
836 20 0.00773062
837 20 0.00821397
838 20 0.00846125
839 20 0.00818586
840 20 0.00853544
841 20 0.008613
842 20 0.00874789
843 20 0.0081499
844 20 0.00839381
845 20 0.0084826
846 20 0.0086293
847 20 0.00860063
848 20 0.00795993
849 20 0.00849161
850 20 0.00831007
851 20 0.00846406
852 20 0.00773905
853 20 0.00834716
854 20 0.00863604
855 20 0.00766824
856 20 0.00812011
857 20 0.00804591
858 20 0.0077604
859 20 0.00707867
860 20 0.00712252
861 20 0.00672123
862 20 0.00639245
863 20 0.00708598
864 20 0.00744961
865 20 0.00671167
866 20 0.00735912
867 20 0.00711914
868 20 0.00708654
869 20 0.00732259
870 20 0.00672572
871 20 0.00699606
872 20 0.00757325
873 20 0.00734339
874 20 0.0080358
875 20 0.00748502
876 20 0.00745917
877 20 0.00677968
878 20 0.00678249
879 20 0.0069466
880 20 0.00643741
881 20 0.00639863
882 20 0.00673697
883 20 0.00678811
884 20 0.0071939
885 20 0.00786664
886 20 0.00709216
887 20 0.00681284
888 20 0.00763901
889 20 0.0075845
890 20 0.0072973
891 20 0.00727538
892 20 0.00753729
893 20 0.00796723
894 20 0.00771994
895 20 0.00871192
896 20 0.00842473
897 20 0.00758225
898 20 0.00787675
899 20 0.00804423
900 20 0.00836795
901 20 0.00765756
902 20 0.00837695
903 20 0.00827522
904 20 0.00783965
905 20 0.00829321
906 20 0.00773568
907 20 0.0073254
908 20 0.00673753
909 20 0.00674652
910 20 0.00693986
911 20 0.00652958
912 20 0.00711914
913 20 0.00676563
914 20 0.00675046
915 20 0.00697414
916 20 0.00683026
917 20 0.00647731
918 20 0.00626206
919 20 0.00643629
920 20 0.00717085
921 20 0.00654756
922 20 0.00601477
923 20 0.00628903
924 20 0.00667795
925 20 0.00658803
926 20 0.00647562
927 20 0.0070354
928 20 0.0070118
929 20 0.00753335
930 20 0.00823082
931 20 0.00899348
932 20 0.00889626
933 20 0.00899855
934 20 0.00894571
935 20 0.00958586
936 20 0.00949819
937 20 0.0094313
938 20 0.00901315
939 20 0.00762046
940 20 0.00841516
941 20 0.00917278
942 20 0.00886647
943 20 0.00820778
944 20 0.00847755
945 20 0.00815664
946 20 0.00788293
947 20 0.00816844
948 20 0.00763115
949 20 0.00788349
950 20 0.00725177
951 20 0.00718995
952 20 0.00739172
953 20 0.00800096
954 20 0.00893391
955 20 0.00817855
956 20 0.00828422
957 20 0.00822577
958 20 0.00828309
959 20 0.00815551
960 20 0.00728606
961 20 0.00780594
962 20 0.00746479
963 20 0.00733102
964 20 0.00798747
965 20 0.00672741
966 20 0.00657454
967 20 0.00718265
968 20 0.0068061
969 20 0.00669987
970 20 0.00638457
971 20 0.00663186
972 20 0.00657791
973 20 0.00664199
974 20 0.00693424
975 20 0.00684038
976 20 0.00712307
977 20 0.00628398
978 20 0.00626711
979 20 0.00680722
980 20 0.00667851
981 20 0.00653295
982 20 0.00690613
983 20 0.00640874
984 20 0.00670943
985 20 0.0065189
986 20 0.00647506
987 20 0.00694098
988 20 0.00707025
989 20 0.00714218
990 20 0.00676788
991 20 0.00648856
992 20 0.00671112
993 20 0.00733046
994 20 0.00646944
995 20 0.00696683
996 20 0.00667964
997 20 0.00662119
998 20 0.0068814
999 20 0.00644078
1000 20 0.00660658
