# Chunk-averaged data for fix ave_densityy and group all
# Timestep Number-of-chunks Total-count
# Chunk Coord1 Ncount density/mass
10000 100 20999.999999999996
  1 0.005 214.294 0.120439
  2 0.015 217.292 0.122124
  3 0.025 215.07 0.120875
  4 0.035 211.356 0.118787
  5 0.045 212.846 0.119625
  6 0.055 209.89 0.117963
  7 0.065 207.576 0.116663
  8 0.075 202.732 0.11394
  9 0.085 201.878 0.11346
  10 0.095 200.342 0.112597
  11 0.105 195.772 0.110029
  12 0.115 193.012 0.108478
  13 0.125 198.506 0.111565
  14 0.135 197.666 0.111093
  15 0.145 195.834 0.110064
  16 0.155 193.842 0.108944
  17 0.165 196.302 0.110327
  18 0.175 196.218 0.110279
  19 0.185 198.71 0.11168
  20 0.195 196.606 0.110497
  21 0.205 193.234 0.108602
  22 0.215 193.802 0.108922
  23 0.225 197.062 0.110754
  24 0.235 200.866 0.112892
  25 0.245 192.874 0.1084
  26 0.255 200.824 0.112868
  27 0.265 197.642 0.11108
  28 0.275 200.036 0.112425
  29 0.285 202.092 0.113581
  30 0.295 208.744 0.117319
  31 0.305 204.472 0.114918
  32 0.315 208.612 0.117245
  33 0.325 212.678 0.11953
  34 0.335 213.56 0.120026
  35 0.345 213.968 0.120255
  36 0.355 209.218 0.117586
  37 0.365 216.552 0.121708
  38 0.375 202.916 0.114044
  39 0.385 210.6 0.118362
  40 0.395 208.908 0.117411
  41 0.405 198.97 0.111826
  42 0.415 205.524 0.11551
  43 0.425 208.464 0.117162
  44 0.435 195.922 0.110113
  45 0.445 206.736 0.116191
  46 0.455 206.66 0.116148
  47 0.465 191.902 0.107854
  48 0.475 216.564 0.121714
  49 0.485 203.424 0.114329
  50 0.495 190.868 0.107273
  51 0.505 210.008 0.11803
  52 0.515 198.482 0.111552
  53 0.525 190.354 0.106984
  54 0.535 204.416 0.114887
  55 0.545 200.768 0.112837
  56 0.555 199.038 0.111864
  57 0.565 207.69 0.116727
  58 0.575 203.08 0.114136
  59 0.585 204.414 0.114886
  60 0.595 209.346 0.117658
  61 0.605 202.36 0.113731
  62 0.615 215.294 0.121001
  63 0.625 206.932 0.116301
  64 0.635 204.808 0.115107
  65 0.645 211.594 0.118921
  66 0.655 218.488 0.122796
  67 0.665 214.094 0.120326
  68 0.675 214.754 0.120697
  69 0.685 223.718 0.125735
  70 0.695 215.086 0.120884
  71 0.705 225.344 0.126649
  72 0.715 219.228 0.123212
  73 0.725 218.92 0.123038
  74 0.735 224.056 0.125925
  75 0.745 221.13 0.124281
  76 0.755 223.2 0.125444
  77 0.765 228.13 0.128215
  78 0.775 220.888 0.124145
  79 0.785 223.052 0.125361
  80 0.795 221.092 0.124259
  81 0.805 225.842 0.126929
  82 0.815 223.92 0.125849
  83 0.825 218.696 0.122913
  84 0.835 231.388 0.130046
  85 0.845 221.95 0.124741
  86 0.855 226.578 0.127342
  87 0.865 229.704 0.129099
  88 0.875 223.436 0.125577
  89 0.885 219.896 0.123587
  90 0.895 223.66 0.125702
  91 0.905 226.55 0.127327
  92 0.915 213.98 0.120262
  93 0.925 226.086 0.127066
  94 0.935 226.086 0.127066
  95 0.945 217.51 0.122246
  96 0.955 221.728 0.124617
  97 0.965 221.256 0.124351
  98 0.975 213.806 0.120164
  99 0.985 219.796 0.123531
  100 0.995 218.93 0.123044
20000 100 21000.000000000004
  1 0.005 207.57 0.116659
  2 0.015 205.99 0.115772
  3 0.025 203.724 0.114498
  4 0.035 204.484 0.114925
  5 0.045 203.78 0.114529
  6 0.055 209.528 0.11776
  7 0.065 208.96 0.117441
  8 0.075 202.7 0.113922
  9 0.085 213.442 0.11996
  10 0.095 202.308 0.113702
  11 0.105 207.73 0.116749
  12 0.115 201.644 0.113329
  13 0.125 203.876 0.114583
  14 0.135 199.058 0.111876
  15 0.145 200.148 0.112488
  16 0.155 196.066 0.110194
  17 0.165 201.12 0.113034
  18 0.175 194.794 0.109479
  19 0.185 201.578 0.113292
  20 0.195 205.058 0.115248
  21 0.205 201.056 0.112998
  22 0.215 191.832 0.107814
  23 0.225 215.76 0.121262
  24 0.235 200.784 0.112846
  25 0.245 192.25 0.108049
  26 0.255 211.994 0.119146
  27 0.265 200.552 0.112715
  28 0.275 194.14 0.109112
  29 0.285 213.232 0.119842
  30 0.295 203.388 0.114309
  31 0.305 200.338 0.112595
  32 0.315 210.442 0.118274
  33 0.325 207.01 0.116345
  34 0.335 206.24 0.115912
  35 0.345 203.868 0.114579
  36 0.355 215.158 0.120924
  37 0.365 204.386 0.11487
  38 0.375 207.736 0.116753
  39 0.385 218.924 0.123041
  40 0.395 202.918 0.114045
  41 0.405 213.154 0.119798
  42 0.415 215.562 0.121151
  43 0.425 206.682 0.11616
  44 0.435 214.558 0.120587
  45 0.445 210.99 0.118582
  46 0.455 206.75 0.116199
  47 0.465 212.504 0.119433
  48 0.475 215.578 0.12116
  49 0.485 206.312 0.115952
  50 0.495 211.55 0.118896
  51 0.505 214.968 0.120817
  52 0.515 210.07 0.118065
  53 0.525 213.456 0.119968
  54 0.535 210.882 0.118521
  55 0.545 209.254 0.117606
  56 0.555 212.292 0.119313
  57 0.565 208 0.116901
  58 0.575 214.25 0.120414
  59 0.585 212.322 0.11933
  60 0.595 210.53 0.118323
  61 0.605 218.066 0.122559
  62 0.615 209.952 0.117998
  63 0.625 209.104 0.117522
  64 0.635 225.642 0.126816
  65 0.645 215.022 0.120848
  66 0.655 210.086 0.118074
  67 0.665 218.15 0.122606
  68 0.675 212.408 0.119379
  69 0.685 207.538 0.116642
  70 0.695 209.636 0.117821
  71 0.705 212.726 0.119557
  72 0.715 208.27 0.117053
  73 0.725 214.538 0.120576
  74 0.735 214.282 0.120432
  75 0.745 206.014 0.115785
  76 0.755 218.558 0.122835
  77 0.765 217.908 0.12247
  78 0.775 213.224 0.119837
  79 0.785 218.414 0.122754
  80 0.795 213.948 0.120244
  81 0.805 215.812 0.121292
  82 0.815 214.268 0.120424
  83 0.825 217.526 0.122255
  84 0.835 214.608 0.120615
  85 0.845 219.39 0.123303
  86 0.855 218.24 0.122656
  87 0.865 216.932 0.121921
  88 0.875 220.23 0.123775
  89 0.885 213.71 0.12011
  90 0.895 214.314 0.12045
  91 0.905 217.806 0.122412
  92 0.915 218.31 0.122696
  93 0.925 210.376 0.118237
  94 0.935 222.94 0.125298
  95 0.945 216.274 0.121551
  96 0.955 210.974 0.118573
  97 0.965 216.752 0.12182
  98 0.975 218.476 0.122789
  99 0.985 209.464 0.117724
  100 0.995 214.882 0.120769
30000 100 21000.000000000004
  1 0.005 206.116 0.115842
  2 0.015 209.47 0.117727
  3 0.025 198.068 0.111319
  4 0.035 207.152 0.116425
  5 0.045 207.85 0.116817
  6 0.055 195.454 0.10985
  7 0.065 203.452 0.114345
  8 0.075 203.396 0.114314
  9 0.085 201.828 0.113432
  10 0.095 202.346 0.113723
  11 0.105 214.038 0.120295
  12 0.115 202.534 0.113829
  13 0.125 199.44 0.11209
  14 0.135 213.05 0.119739
  15 0.145 200.458 0.112662
  16 0.155 202.578 0.113854
  17 0.165 208.842 0.117374
  18 0.175 201.71 0.113366
  19 0.185 200.098 0.11246
  20 0.195 209.722 0.117869
  21 0.205 200.658 0.112775
  22 0.215 202.588 0.113859
  23 0.225 204.07 0.114692
  24 0.235 204.046 0.114679
  25 0.245 210.722 0.118431
  26 0.255 207.088 0.116389
  27 0.265 203.232 0.114221
  28 0.275 214.73 0.120684
  29 0.285 202.586 0.113858
  30 0.295 215.494 0.121113
  31 0.305 215.108 0.120896
  32 0.315 210.146 0.118107
  33 0.325 216.35 0.121594
  34 0.335 215.704 0.121231
  35 0.345 210.042 0.118049
  36 0.355 212.26 0.119295
  37 0.365 209.468 0.117726
  38 0.375 208.084 0.116948
  39 0.385 212.704 0.119545
  40 0.395 204.398 0.114877
  41 0.405 211.488 0.118862
  42 0.415 211.408 0.118817
  43 0.425 215.194 0.120944
  44 0.435 214.99 0.12083
  45 0.445 217.88 0.122454
  46 0.455 219.084 0.123131
  47 0.465 221.424 0.124446
  48 0.475 211.856 0.119068
  49 0.485 217.08 0.122004
  50 0.495 218.614 0.122867
  51 0.505 206.014 0.115785
  52 0.515 215.346 0.12103
  53 0.525 216.104 0.121456
  54 0.535 209.542 0.117768
  55 0.545 216.872 0.121887
  56 0.555 210.792 0.11847
  57 0.565 210.61 0.118368
  58 0.575 219.912 0.123596
  59 0.585 214.322 0.120454
  60 0.595 203.868 0.114579
  61 0.605 216.11 0.121459
  62 0.615 214.03 0.12029
  63 0.625 202.64 0.113889
  64 0.635 207.54 0.116643
  65 0.645 214.678 0.120654
  66 0.655 207.712 0.116739
  67 0.665 203.494 0.114369
  68 0.675 214.668 0.120649
  69 0.685 212.702 0.119544
  70 0.695 205.86 0.115698
  71 0.705 213.68 0.120093
  72 0.715 216.146 0.121479
  73 0.725 203.622 0.114441
  74 0.735 220.814 0.124103
  75 0.745 216.752 0.12182
  76 0.755 204.956 0.11519
  77 0.765 217.462 0.122219
  78 0.775 215.15 0.12092
  79 0.785 209.232 0.117594
  80 0.795 219.954 0.12362
  81 0.805 209.888 0.117962
  82 0.815 208.804 0.117353
  83 0.825 220.822 0.124107
  84 0.835 209.184 0.117567
  85 0.845 212.6 0.119486
  86 0.855 216.86 0.121881
  87 0.865 212.93 0.119672
  88 0.875 212.452 0.119403
  89 0.885 210.522 0.118319
  90 0.895 213.932 0.120235
  91 0.905 214.642 0.120634
  92 0.915 206.568 0.116096
  93 0.925 213.672 0.120089
  94 0.935 212.72 0.119554
  95 0.945 202.06 0.113563
  96 0.955 208.112 0.116964
  97 0.965 205.716 0.115618
  98 0.975 205.314 0.115392
  99 0.985 206.356 0.115977
  100 0.995 210.164 0.118117
40000 100 21000.000000000004
  1 0.005 208.07 0.116941
  2 0.015 210.572 0.118347
  3 0.025 215.708 0.121233
  4 0.035 209.528 0.11776
  5 0.045 208.952 0.117436
  6 0.055 215.722 0.121241
  7 0.065 211.536 0.118888
  8 0.075 208.516 0.117191
  9 0.085 215.29 0.120998
  10 0.095 203.96 0.114631
  11 0.105 215.962 0.121376
  12 0.115 207.872 0.116829
  13 0.125 203.004 0.114093
  14 0.135 211.648 0.118951
  15 0.145 209.424 0.117701
  16 0.155 203.724 0.114498
  17 0.165 213.586 0.120041
  18 0.175 205.816 0.115674
  19 0.185 211.014 0.118595
  20 0.195 207.226 0.116466
  21 0.205 206.866 0.116264
  22 0.215 209.108 0.117524
  23 0.225 208.846 0.117377
  24 0.235 212.076 0.119192
  25 0.245 208.186 0.117006
  26 0.255 204.862 0.115138
  27 0.265 216.874 0.121889
  28 0.275 209.376 0.117675
  29 0.285 212.05 0.119177
  30 0.295 214.22 0.120397
  31 0.305 210.062 0.11806
  32 0.315 209.594 0.117797
  33 0.325 212.084 0.119196
  34 0.335 208.454 0.117156
  35 0.345 206.534 0.116077
  36 0.355 214.264 0.120422
  37 0.365 210.496 0.118304
  38 0.375 204.942 0.115182
  39 0.385 206.096 0.115831
  40 0.395 217.148 0.122043
  41 0.405 203.628 0.114444
  42 0.415 209.146 0.117545
  43 0.425 212.09 0.1192
  44 0.435 201.186 0.113072
  45 0.445 212 0.119149
  46 0.455 216.624 0.121748
  47 0.465 202.784 0.11397
  48 0.475 215.826 0.1213
  49 0.485 212.77 0.119582
  50 0.495 207.67 0.116716
  51 0.505 214.458 0.120531
  52 0.515 203.208 0.114208
  53 0.525 207.876 0.116831
  54 0.535 214.758 0.120699
  55 0.545 206.022 0.115789
  56 0.555 204.21 0.114771
  57 0.565 220.366 0.123851
  58 0.575 203.15 0.114175
  59 0.585 207.994 0.116898
  60 0.595 220.716 0.124048
  61 0.605 207.044 0.116364
  62 0.615 205.082 0.115261
  63 0.625 214.11 0.120335
  64 0.635 208.626 0.117253
  65 0.645 213.562 0.120027
  66 0.655 214.034 0.120292
  67 0.665 210.972 0.118572
  68 0.675 219.544 0.123389
  69 0.685 209.08 0.117508
  70 0.695 210.678 0.118406
  71 0.705 218.648 0.122886
  72 0.715 211.548 0.118895
  73 0.725 211.852 0.119066
  74 0.735 215.572 0.121157
  75 0.745 208.808 0.117355
  76 0.755 208.218 0.117024
  77 0.765 209.418 0.117698
  78 0.775 210.784 0.118466
  79 0.785 206.45 0.11603
  80 0.795 203.782 0.114531
  81 0.805 205.308 0.115388
  82 0.815 209.628 0.117816
  83 0.825 201.884 0.113464
  84 0.835 206.6 0.116114
  85 0.845 204.46 0.114912
  86 0.855 209.12 0.117531
  87 0.865 200.222 0.11253
  88 0.875 208.454 0.117156
  89 0.885 211.002 0.118588
  90 0.895 206.544 0.116083
  91 0.905 213.228 0.119839
  92 0.915 211.208 0.118704
  93 0.925 211.554 0.118899
  94 0.935 217.396 0.122182
  95 0.945 207.306 0.116511
  96 0.955 210.426 0.118265
  97 0.965 218.64 0.122881
  98 0.975 208.788 0.117344
  99 0.985 207.306 0.116511
  100 0.995 217.364 0.122164
50000 100 21000.00000000001
  1 0.005 202.82 0.11399
  2 0.015 218.142 0.122601
  3 0.025 213.974 0.120259
  4 0.035 201.28 0.113124
  5 0.045 219.502 0.123366
  6 0.055 207.126 0.11641
  7 0.065 203.75 0.114513
  8 0.075 213.096 0.119765
  9 0.085 209.49 0.117739
  10 0.095 206.83 0.116244
  11 0.105 215.134 0.120911
  12 0.115 206.72 0.116182
  13 0.125 204.488 0.114927
  14 0.135 218.468 0.122784
  15 0.145 209.836 0.117933
  16 0.155 204.898 0.115158
  17 0.165 215.504 0.121119
  18 0.175 209.488 0.117737
  19 0.185 204.516 0.114943
  20 0.195 214.536 0.120575
  21 0.205 214.552 0.120584
  22 0.215 209.506 0.117748
  23 0.225 215.736 0.121249
  24 0.235 210.716 0.118428
  25 0.245 209.092 0.117515
  26 0.255 208.752 0.117324
  27 0.265 205.042 0.115239
  28 0.275 212.75 0.119571
  29 0.285 207.066 0.116376
  30 0.295 203.786 0.114533
  31 0.305 212.894 0.119652
  32 0.315 203.81 0.114546
  33 0.325 205.188 0.115321
  34 0.335 214.8 0.120723
  35 0.345 201.44 0.113214
  36 0.355 207.354 0.116538
  37 0.365 214.096 0.120327
  38 0.375 207.8 0.116789
  39 0.385 208.298 0.117069
  40 0.395 209.36 0.117666
  41 0.405 206.108 0.115838
  42 0.415 210.692 0.118414
  43 0.425 205.254 0.115358
  44 0.435 208.186 0.117006
  45 0.445 208.338 0.117091
  46 0.455 202.876 0.114021
  47 0.465 203.686 0.114477
  48 0.475 206.41 0.116008
  49 0.485 195.878 0.110088
  50 0.495 208.342 0.117093
  51 0.505 202.4 0.113754
  52 0.515 204.462 0.114913
  53 0.525 204.576 0.114977
  54 0.535 214.4 0.120498
  55 0.545 205.234 0.115347
  56 0.555 211.102 0.118645
  57 0.565 215.724 0.121242
  58 0.575 216.098 0.121452
  59 0.585 212.108 0.11921
  60 0.595 218.022 0.122534
  61 0.605 215.554 0.121147
  62 0.615 220.204 0.12376
  63 0.625 214.868 0.120761
  64 0.635 219.01 0.123089
  65 0.645 219.374 0.123294
  66 0.655 213.594 0.120045
  67 0.665 212.27 0.119301
  68 0.675 220.924 0.124165
  69 0.685 220.27 0.123797
  70 0.695 211.402 0.118813
  71 0.705 215.696 0.121227
  72 0.715 215.568 0.121155
  73 0.725 207.808 0.116793
  74 0.735 215.488 0.12111
  75 0.745 212.574 0.119472
  76 0.755 206.98 0.116328
  77 0.765 207.488 0.116613
  78 0.775 207.89 0.116839
  79 0.785 206.378 0.11599
  80 0.795 206.27 0.115929
  81 0.805 213.34 0.119902
  82 0.815 200.488 0.112679
  83 0.825 203.704 0.114487
  84 0.835 216.272 0.12155
  85 0.845 205.898 0.11572
  86 0.855 206.286 0.115938
  87 0.865 209.056 0.117495
  88 0.875 208.898 0.117406
  89 0.885 205.642 0.115576
  90 0.895 212.928 0.119671
  91 0.905 204.282 0.114812
  92 0.915 211.084 0.118634
  93 0.925 214.276 0.120428
  94 0.935 208.226 0.117028
  95 0.945 213.328 0.119896
  96 0.955 212.058 0.119182
  97 0.965 208.836 0.117371
  98 0.975 201.882 0.113463
  99 0.985 220.266 0.123795
  100 0.995 212.108 0.11921
60000 100 21000.000000000007
  1 0.005 210.358 0.118226
  2 0.015 213.158 0.1198
  3 0.025 201.288 0.113129
  4 0.035 209.604 0.117803
  5 0.045 208.264 0.11705
  6 0.055 206.55 0.116086
  7 0.065 204.558 0.114967
  8 0.075 208.97 0.117446
  9 0.085 216.4 0.121622
  10 0.095 204.268 0.114804
  11 0.105 206.792 0.116222
  12 0.115 215.284 0.120995
  13 0.125 211.538 0.11889
  14 0.135 211.894 0.11909
  15 0.145 208.446 0.117152
  16 0.155 204.778 0.11509
  17 0.165 220.3 0.123814
  18 0.175 209.15 0.117547
  19 0.185 214.426 0.120513
  20 0.195 208.414 0.117134
  21 0.205 210.678 0.118406
  22 0.215 205.826 0.115679
  23 0.225 204.628 0.115006
  24 0.235 209.398 0.117687
  25 0.245 207.83 0.116806
  26 0.255 208.384 0.117117
  27 0.265 205.848 0.115692
  28 0.275 209.602 0.117802
  29 0.285 207.812 0.116796
  30 0.295 212.794 0.119596
  31 0.305 208.504 0.117184
  32 0.315 209.66 0.117834
  33 0.325 210.054 0.118056
  34 0.335 209.034 0.117482
  35 0.345 212.22 0.119273
  36 0.355 206.9 0.116283
  37 0.365 218.1 0.122578
  38 0.375 206.014 0.115785
  39 0.385 210.868 0.118513
  40 0.395 214.048 0.1203
  41 0.405 210.758 0.118451
  42 0.415 203.666 0.114465
  43 0.425 207.464 0.1166
  44 0.435 209.028 0.117479
  45 0.445 208.498 0.117181
  46 0.455 205.42 0.115451
  47 0.465 209.898 0.117968
  48 0.475 207.824 0.116802
  49 0.485 202.012 0.113536
  50 0.495 212.794 0.119596
  51 0.505 210.646 0.118388
  52 0.515 205.076 0.115258
  53 0.525 213.386 0.119928
  54 0.535 205.234 0.115347
  55 0.545 205.86 0.115698
  56 0.555 211.54 0.118891
  57 0.565 205.422 0.115452
  58 0.575 208.494 0.117179
  59 0.585 211.248 0.118727
  60 0.595 205.83 0.115682
  61 0.605 209.302 0.117633
  62 0.615 210.414 0.118258
  63 0.625 208.938 0.117428
  64 0.635 210.292 0.118189
  65 0.645 210.402 0.118251
  66 0.655 208.746 0.11732
  67 0.665 214.02 0.120285
  68 0.675 219.052 0.123113
  69 0.685 207.128 0.116411
  70 0.695 211.234 0.118719
  71 0.705 221.896 0.124711
  72 0.715 206.102 0.115834
  73 0.725 205.788 0.115658
  74 0.735 219.31 0.123258
  75 0.745 204.454 0.114908
  76 0.755 201.556 0.113279
  77 0.765 218.258 0.122666
  78 0.775 210.53 0.118323
  79 0.785 203.048 0.114118
  80 0.795 216.596 0.121732
  81 0.805 209.456 0.117719
  82 0.815 207.83 0.116806
  83 0.825 222.062 0.124804
  84 0.835 207.86 0.116822
  85 0.845 214.722 0.120679
  86 0.855 220.004 0.123648
  87 0.865 207.714 0.11674
  88 0.875 212.38 0.119363
  89 0.885 217.92 0.122476
  90 0.895 206.358 0.115978
  91 0.905 216.486 0.121671
  92 0.915 211.71 0.118986
  93 0.925 212.934 0.119674
  94 0.935 209.048 0.11749
  95 0.945 213.38 0.119925
  96 0.955 216.178 0.121497
  97 0.965 206.902 0.116284
  98 0.975 209.332 0.11765
  99 0.985 210.504 0.118308
  100 0.995 207.414 0.116572
70000 100 21000.000000000007
  1 0.005 205.446 0.115466
  2 0.015 205.164 0.115307
  3 0.025 203.914 0.114605
  4 0.035 214.552 0.120584
  5 0.045 210.394 0.118247
  6 0.055 209.58 0.117789
  7 0.065 216.318 0.121576
  8 0.075 209.666 0.117838
  9 0.085 211.172 0.118684
  10 0.095 212.652 0.119516
  11 0.105 207.332 0.116526
  12 0.115 215.83 0.121302
  13 0.125 208.998 0.117462
  14 0.135 204.376 0.114864
  15 0.145 213.066 0.119748
  16 0.155 218.25 0.122662
  17 0.165 204.508 0.114939
  18 0.175 212.936 0.119675
  19 0.185 214.338 0.120463
  20 0.195 208.458 0.117159
  21 0.205 205.786 0.115657
  22 0.215 210.46 0.118284
  23 0.225 209.266 0.117613
  24 0.235 207.464 0.1166
  25 0.245 207.994 0.116898
  26 0.255 208.052 0.11693
  27 0.265 206.604 0.116117
  28 0.275 212.826 0.119614
  29 0.285 210.192 0.118133
  30 0.295 209.352 0.117661
  31 0.305 211.908 0.119098
  32 0.315 204.242 0.114789
  33 0.325 214.854 0.120753
  34 0.335 210.068 0.118063
  35 0.345 214.25 0.120414
  36 0.355 211.136 0.118664
  37 0.365 210.314 0.118202
  38 0.375 212.452 0.119403
  39 0.385 208.892 0.117402
  40 0.395 209.836 0.117933
  41 0.405 212.968 0.119693
  42 0.415 205.69 0.115603
  43 0.425 213.144 0.119792
  44 0.435 211.752 0.11901
  45 0.445 205.686 0.115601
  46 0.455 207.626 0.116691
  47 0.465 209.734 0.117876
  48 0.475 210.544 0.118331
  49 0.485 201.94 0.113495
  50 0.495 209.132 0.117537
  51 0.505 205.866 0.115702
  52 0.515 206.88 0.116272
  53 0.525 209.708 0.117861
  54 0.535 209.584 0.117791
  55 0.545 200.01 0.112411
  56 0.555 210.016 0.118034
  57 0.565 206.978 0.116327
  58 0.575 203.516 0.114381
  59 0.585 221.722 0.124613
  60 0.595 205.27 0.115367
  61 0.605 211.472 0.118853
  62 0.615 211.598 0.118923
  63 0.625 208.508 0.117187
  64 0.635 205.636 0.115573
  65 0.645 212.836 0.119619
  66 0.655 210.358 0.118226
  67 0.665 211.412 0.118819
  68 0.675 205.852 0.115694
  69 0.685 207.61 0.116682
  70 0.695 218.226 0.122648
  71 0.705 212.706 0.119546
  72 0.715 216.906 0.121907
  73 0.725 219.81 0.123539
  74 0.735 215.526 0.121131
  75 0.745 213.224 0.119837
  76 0.755 216.712 0.121798
  77 0.765 221.21 0.124326
  78 0.775 213.076 0.119754
  79 0.785 214.174 0.120371
  80 0.795 225.24 0.12659
  81 0.805 209.03 0.11748
  82 0.815 209.314 0.11764
  83 0.825 212.89 0.119649
  84 0.835 212.404 0.119376
  85 0.845 210.742 0.118442
  86 0.855 210.22 0.118149
  87 0.865 208.216 0.117023
  88 0.875 213.774 0.120146
  89 0.885 207.184 0.116443
  90 0.895 210.126 0.118096
  91 0.905 205.274 0.115369
  92 0.915 208.038 0.116923
  93 0.925 206.278 0.115933
  94 0.935 203.32 0.114271
  95 0.945 209.144 0.117544
  96 0.955 198.2 0.111393
  97 0.965 205.062 0.11525
  98 0.975 204.598 0.114989
  99 0.985 206.15 0.115861
  100 0.995 207.28 0.116497
80000 100 20999.999999999996
  1 0.005 211.81 0.119042
  2 0.015 209.942 0.117993
  3 0.025 209.912 0.117976
  4 0.035 210.744 0.118443
  5 0.045 211.554 0.118899
  6 0.055 213.072 0.119752
  7 0.065 205 0.115215
  8 0.075 213.044 0.119736
  9 0.085 208.768 0.117333
  10 0.095 209.042 0.117487
  11 0.105 211.768 0.119019
  12 0.115 212.436 0.119394
  13 0.125 208.854 0.117381
  14 0.135 211.292 0.118751
  15 0.145 204.9 0.115159
  16 0.155 211.808 0.119041
  17 0.165 206.822 0.116239
  18 0.175 211.634 0.118944
  19 0.185 210.528 0.118322
  20 0.195 213.96 0.120251
  21 0.205 205.278 0.115371
  22 0.215 211.3 0.118756
  23 0.225 213.75 0.120133
  24 0.235 207.464 0.1166
  25 0.245 207.924 0.116858
  26 0.255 208.588 0.117232
  27 0.265 210.15 0.11811
  28 0.275 208.736 0.117315
  29 0.285 216.184 0.121501
  30 0.295 208.646 0.117264
  31 0.305 210.85 0.118503
  32 0.315 211.938 0.119114
  33 0.325 209.166 0.117556
  34 0.335 205.452 0.115469
  35 0.345 207.602 0.116677
  36 0.355 214.048 0.1203
  37 0.365 210.13 0.118098
  38 0.375 202.09 0.11358
  39 0.385 207.166 0.116432
  40 0.395 205.898 0.11572
  41 0.405 204.9 0.115159
  42 0.415 204.59 0.114985
  43 0.425 203.408 0.11432
  44 0.435 201.638 0.113326
  45 0.445 205.064 0.115251
  46 0.455 201.834 0.113436
  47 0.465 210.666 0.1184
  48 0.475 201.502 0.113249
  49 0.485 202.566 0.113847
  50 0.495 205.646 0.115578
  51 0.505 204.684 0.115037
  52 0.515 206.782 0.116217
  53 0.525 203.612 0.114435
  54 0.535 202.696 0.11392
  55 0.545 210.884 0.118522
  56 0.555 208.768 0.117333
  57 0.565 198.05 0.111309
  58 0.575 219.896 0.123587
  59 0.585 207.682 0.116722
  60 0.595 207.456 0.116595
  61 0.605 221.728 0.124617
  62 0.615 218.118 0.122588
  63 0.625 205.988 0.11577
  64 0.635 217.48 0.122229
  65 0.645 222.416 0.125003
  66 0.655 209.194 0.117572
  67 0.665 215.684 0.12122
  68 0.675 221.426 0.124447
  69 0.685 206.382 0.115992
  70 0.695 214.664 0.120647
  71 0.705 214.978 0.120823
  72 0.715 208.748 0.117322
  73 0.725 215.78 0.121274
  74 0.735 218.73 0.122932
  75 0.745 213.866 0.120198
  76 0.755 218.962 0.123062
  77 0.765 219.65 0.123449
  78 0.775 213.452 0.119965
  79 0.785 216.79 0.121841
  80 0.795 218.148 0.122605
  81 0.805 216.328 0.121582
  82 0.815 215.994 0.121394
  83 0.825 214.09 0.120324
  84 0.835 205.898 0.11572
  85 0.845 215.142 0.120915
  86 0.855 206.456 0.116033
  87 0.865 203.164 0.114183
  88 0.875 210.108 0.118086
  89 0.885 207.884 0.116836
  90 0.895 204.172 0.11475
  91 0.905 210.116 0.11809
  92 0.915 209.828 0.117929
  93 0.925 204.552 0.114963
  94 0.935 210.84 0.118497
  95 0.945 204.598 0.114989
  96 0.955 206.994 0.116336
  97 0.965 207.366 0.116545
  98 0.975 209.892 0.117965
  99 0.985 215.262 0.120983
  100 0.995 207.558 0.116653
90000 100 21000.00000000001
  1 0.005 209.85 0.117941
  2 0.015 209.544 0.117769
  3 0.025 215.972 0.121382
  4 0.035 216.858 0.12188
  5 0.045 208.294 0.117066
  6 0.055 216.356 0.121597
  7 0.065 216.596 0.121732
  8 0.075 204.81 0.115108
  9 0.085 215.89 0.121336
  10 0.095 216.962 0.121938
  11 0.105 209.884 0.11796
  12 0.115 210.75 0.118447
  13 0.125 214.184 0.120377
  14 0.135 208.584 0.117229
  15 0.145 203.786 0.114533
  16 0.155 211.578 0.118912
  17 0.165 213.316 0.119889
  18 0.175 204.814 0.115111
  19 0.185 208.044 0.116926
  20 0.195 206.306 0.115949
  21 0.205 204.568 0.114972
  22 0.215 203.598 0.114427
  23 0.225 203.21 0.114209
  24 0.235 204.462 0.114913
  25 0.245 204.718 0.115057
  26 0.255 201.482 0.113238
  27 0.265 208.77 0.117334
  28 0.275 212.246 0.119288
  29 0.285 203.478 0.11436
  30 0.295 208.918 0.117417
  31 0.305 211.366 0.118793
  32 0.315 206.154 0.115864
  33 0.325 208.722 0.117307
  34 0.335 213.004 0.119714
  35 0.345 206.554 0.116088
  36 0.355 214.966 0.120816
  37 0.365 209.734 0.117876
  38 0.375 213.44 0.119959
  39 0.385 207.996 0.116899
  40 0.395 213.59 0.120043
  41 0.405 213.94 0.12024
  42 0.415 203.822 0.114553
  43 0.425 207.988 0.116894
  44 0.435 212.17 0.119245
  45 0.445 215.47 0.121099
  46 0.455 207.466 0.116601
  47 0.465 209.356 0.117663
  48 0.475 211.892 0.119089
  49 0.485 211.268 0.118738
  50 0.495 205.702 0.11561
  51 0.505 216.444 0.121647
  52 0.515 216.298 0.121565
  53 0.525 214.806 0.120726
  54 0.535 215.9 0.121341
  55 0.545 213.568 0.120031
  56 0.555 214.934 0.120798
  57 0.565 217.496 0.122238
  58 0.575 213.228 0.119839
  59 0.585 212.378 0.119362
  60 0.595 217.19 0.122066
  61 0.605 209.412 0.117695
  62 0.615 208.674 0.11728
  63 0.625 211.978 0.119137
  64 0.635 205.986 0.115769
  65 0.645 206.51 0.116064
  66 0.655 207.436 0.116584
  67 0.665 209.272 0.117616
  68 0.675 206.708 0.116175
  69 0.685 203.61 0.114434
  70 0.695 211.628 0.11894
  71 0.705 208.388 0.117119
  72 0.715 208.794 0.117347
  73 0.725 211.628 0.11894
  74 0.735 208.984 0.117454
  75 0.745 207.98 0.11689
  76 0.755 209.536 0.117764
  77 0.765 206.322 0.115958
  78 0.775 210.81 0.11848
  79 0.785 216.388 0.121615
  80 0.795 208.684 0.117286
  81 0.805 202.872 0.114019
  82 0.815 213.176 0.11981
  83 0.825 208.928 0.117423
  84 0.835 199.072 0.111883
  85 0.845 218.544 0.122827
  86 0.855 209.972 0.118009
  87 0.865 207.168 0.116434
  88 0.875 213.786 0.120153
  89 0.885 217.516 0.122249
  90 0.895 208.786 0.117343
  91 0.905 209.952 0.117998
  92 0.915 212.184 0.119253
  93 0.925 207.202 0.116453
  94 0.935 213.24 0.119846
  95 0.945 208.472 0.117166
  96 0.955 204.84 0.115125
  97 0.965 207.982 0.116891
  98 0.975 207.858 0.116821
  99 0.985 205.322 0.115396
  100 0.995 209.73 0.117873
100000 100 21000.000000000004
  1 0.005 207.43 0.116581
  2 0.015 210.102 0.118083
  3 0.025 209.666 0.117838
  4 0.035 212.398 0.119373
  5 0.045 209.534 0.117763
  6 0.055 210.2 0.118138
  7 0.065 218.438 0.122768
  8 0.075 212.354 0.119348
  9 0.085 217.326 0.122143
  10 0.095 212.892 0.119651
  11 0.105 210.676 0.118405
  12 0.115 212.64 0.119509
  13 0.125 208.808 0.117355
  14 0.135 212.69 0.119537
  15 0.145 210.606 0.118366
  16 0.155 210.208 0.118142
  17 0.165 213.668 0.120087
  18 0.175 204.332 0.11484
  19 0.185 211.958 0.119126
  20 0.195 208.97 0.117446
  21 0.205 205.914 0.115729
  22 0.215 212.596 0.119484
  23 0.225 208.894 0.117404
  24 0.235 207.536 0.11664
  25 0.245 206.882 0.116273
  26 0.255 214.896 0.120777
  27 0.265 210.238 0.118159
  28 0.275 198.098 0.111336
  29 0.285 216.464 0.121658
  30 0.295 211.108 0.118648
  31 0.305 204.534 0.114953
  32 0.315 212.312 0.119325
  33 0.325 217.906 0.122469
  34 0.335 209.736 0.117877
  35 0.345 211.028 0.118603
  36 0.355 217.84 0.122431
  37 0.365 208.836 0.117371
  38 0.375 214.142 0.120353
  39 0.385 213.88 0.120206
  40 0.395 212.718 0.119553
  41 0.405 210.912 0.118538
  42 0.415 216.756 0.121822
  43 0.425 207.062 0.116374
  44 0.435 213.482 0.119982
  45 0.445 209.848 0.11794
  46 0.455 204.044 0.114678
  47 0.465 215.556 0.121148
  48 0.475 210.854 0.118505
  49 0.485 206.292 0.115941
  50 0.495 205.366 0.115421
  51 0.505 218.966 0.123064
  52 0.515 197.556 0.111031
  53 0.525 208.398 0.117125
  54 0.535 210.436 0.11827
  55 0.545 208.172 0.116998
  56 0.555 207.538 0.116642
  57 0.565 218.02 0.122533
  58 0.575 206.942 0.116307
  59 0.585 204.674 0.115032
  60 0.595 222.156 0.124857
  61 0.605 210.802 0.118476
  62 0.615 211.952 0.119122
  63 0.625 208.074 0.116943
  64 0.635 208.404 0.117128
  65 0.645 204.162 0.114744
  66 0.655 210.982 0.118577
  67 0.665 208.454 0.117156
  68 0.675 206.162 0.115868
  69 0.685 212.202 0.119263
  70 0.695 212.362 0.119353
  71 0.705 206.432 0.11602
  72 0.715 205.19 0.115322
  73 0.725 212.688 0.119536
  74 0.735 201.302 0.113137
  75 0.745 203.544 0.114397
  76 0.755 208.818 0.117361
  77 0.765 200.094 0.112458
  78 0.775 207.096 0.116393
  79 0.785 211.074 0.118629
  80 0.795 208.146 0.116983
  81 0.805 210.662 0.118397
  82 0.815 211.602 0.118926
  83 0.825 209.828 0.117929
  84 0.835 211.232 0.118718
  85 0.845 212.624 0.1195
  86 0.855 207.536 0.11664
  87 0.865 212.318 0.119328
  88 0.875 206.206 0.115893
  89 0.885 209.254 0.117606
  90 0.895 216.024 0.121411
  91 0.905 207.058 0.116372
  92 0.915 204.64 0.115013
  93 0.925 212.94 0.119678
  94 0.935 207.674 0.116718
  95 0.945 209.56 0.117778
  96 0.955 207.144 0.11642
  97 0.965 211.458 0.118845
  98 0.975 210.346 0.11822
  99 0.985 209.498 0.117743
  100 0.995 210.972 0.118572
110000 100 20999.99999999999
  1 0.005 208.456 0.117157
  2 0.015 202.6 0.113866
  3 0.025 209.894 0.117966
  4 0.035 210.128 0.118097
  5 0.045 207.026 0.116354
  6 0.055 214.086 0.120322
  7 0.065 206.578 0.116102
  8 0.075 213.386 0.119928
  9 0.085 216.056 0.121429
  10 0.095 207.666 0.116713
  11 0.105 214.574 0.120596
  12 0.115 216.496 0.121676
  13 0.125 209.334 0.117651
  14 0.135 212.164 0.119241
  15 0.145 218.316 0.122699
  16 0.155 204.124 0.114723
  17 0.165 210.436 0.11827
  18 0.175 211.638 0.118946
  19 0.185 208.234 0.117033
  20 0.195 214.788 0.120716
  21 0.205 210.016 0.118034
  22 0.215 208.898 0.117406
  23 0.225 212.086 0.119198
  24 0.235 215.31 0.12101
  25 0.245 215.112 0.120898
  26 0.255 213.928 0.120233
  27 0.265 213.308 0.119884
  28 0.275 218.152 0.122607
  29 0.285 209.806 0.117916
  30 0.295 211.664 0.11896
  31 0.305 216.592 0.12173
  32 0.315 215.502 0.121117
  33 0.325 210.666 0.1184
  34 0.335 216.986 0.121952
  35 0.345 217.802 0.12241
  36 0.355 214.836 0.120743
  37 0.365 218.874 0.123013
  38 0.375 216.912 0.12191
  39 0.385 213.696 0.120102
  40 0.395 217.78 0.122398
  41 0.405 218.61 0.122864
  42 0.415 212.888 0.119648
  43 0.425 218.702 0.122916
  44 0.435 219.088 0.123133
  45 0.445 215.152 0.120921
  46 0.455 213.758 0.120137
  47 0.465 219.474 0.12335
  48 0.475 213.872 0.120201
  49 0.485 212.07 0.119189
  50 0.495 217.252 0.122101
  51 0.505 208.524 0.117196
  52 0.515 209.624 0.117814
  53 0.525 212.138 0.119227
  54 0.535 203.452 0.114345
  55 0.545 207.974 0.116887
  56 0.555 205.414 0.115448
  57 0.565 206.048 0.115804
  58 0.575 203.08 0.114136
  59 0.585 210.862 0.11851
  60 0.595 206.216 0.115899
  61 0.605 208.382 0.117116
  62 0.615 208.26 0.117047
  63 0.625 211.592 0.11892
  64 0.635 203.916 0.114606
  65 0.645 204.634 0.115009
  66 0.655 214.99 0.12083
  67 0.665 208.106 0.116961
  68 0.675 205.914 0.115729
  69 0.685 213.666 0.120086
  70 0.695 209.318 0.117642
  71 0.705 204.772 0.115087
  72 0.715 211.668 0.118963
  73 0.725 213.326 0.119895
  74 0.735 211.006 0.118591
  75 0.745 200.394 0.112626
  76 0.755 216.612 0.121741
  77 0.765 212.214 0.11927
  78 0.775 201.378 0.113179
  79 0.785 215.044 0.12086
  80 0.795 208.548 0.117209
  81 0.805 205.19 0.115322
  82 0.815 214.656 0.120642
  83 0.825 206.298 0.115945
  84 0.835 202.034 0.113548
  85 0.845 211.158 0.118676
  86 0.855 205.136 0.115292
  87 0.865 200.732 0.112816
  88 0.875 200.424 0.112643
  89 0.885 198.932 0.111805
  90 0.895 202.99 0.114085
  91 0.905 204.02 0.114664
  92 0.915 195.852 0.110074
  93 0.925 205.336 0.115404
  94 0.935 201.198 0.113078
  95 0.945 203.584 0.114419
  96 0.955 201.948 0.1135
  97 0.965 204.42 0.114889
  98 0.975 209.174 0.117561
  99 0.985 202.792 0.113974
  100 0.995 202.282 0.113688
120000 100 20999.999999999985
  1 0.005 203.078 0.114135
  2 0.015 204.836 0.115123
  3 0.025 207.822 0.116801
  4 0.035 205.708 0.115613
  5 0.045 208.53 0.117199
  6 0.055 203.842 0.114564
  7 0.065 210.566 0.118343
  8 0.075 212.854 0.119629
  9 0.085 208.898 0.117406
  10 0.095 212.266 0.119299
  11 0.105 208.722 0.117307
  12 0.115 206.548 0.116085
  13 0.125 210.096 0.118079
  14 0.135 211.962 0.119128
  15 0.145 207.308 0.116512
  16 0.155 214.2 0.120386
  17 0.165 209.382 0.117678
  18 0.175 204.338 0.114843
  19 0.185 215.156 0.120923
  20 0.195 210.026 0.11804
  21 0.205 209.308 0.117636
  22 0.215 215.916 0.12135
  23 0.225 212.116 0.119214
  24 0.235 211.018 0.118597
  25 0.245 215.414 0.121068
  26 0.255 221.898 0.124712
  27 0.265 214.556 0.120586
  28 0.275 220.696 0.124037
  29 0.285 219.916 0.123598
  30 0.295 218.342 0.122714
  31 0.305 223.346 0.125526
  32 0.315 219.8 0.123533
  33 0.325 216.054 0.121428
  34 0.335 219.56 0.123398
  35 0.345 222.578 0.125094
  36 0.355 214.816 0.120732
  37 0.365 216.832 0.121865
  38 0.375 213.018 0.119721
  39 0.385 215.328 0.12102
  40 0.395 213.32 0.119891
  41 0.405 217.086 0.122008
  42 0.415 214.29 0.120436
  43 0.425 209.846 0.117939
  44 0.435 211.89 0.119087
  45 0.445 212.138 0.119227
  46 0.455 211.052 0.118616
  47 0.465 211.334 0.118775
  48 0.475 214.368 0.12048
  49 0.485 213.68 0.120093
  50 0.495 214.252 0.120415
  51 0.505 214.154 0.12036
  52 0.515 210.116 0.11809
  53 0.525 213.534 0.120011
  54 0.535 218.802 0.122972
  55 0.545 209.162 0.117554
  56 0.555 214.874 0.120765
  57 0.565 216.54 0.121701
  58 0.575 211.706 0.118984
  59 0.585 209.764 0.117893
  60 0.595 214.598 0.120609
  61 0.605 207.244 0.116476
  62 0.615 202.794 0.113975
  63 0.625 211.408 0.118817
  64 0.635 211.58 0.118913
  65 0.645 210.052 0.118054
  66 0.655 206.642 0.116138
  67 0.665 210.992 0.118583
  68 0.675 204.728 0.115062
  69 0.685 207.55 0.116648
  70 0.695 208.534 0.117201
  71 0.705 209.112 0.117526
  72 0.715 204.476 0.114921
  73 0.725 212.74 0.119565
  74 0.735 208.14 0.11698
  75 0.745 209.808 0.117917
  76 0.755 207.678 0.11672
  77 0.765 211.782 0.119027
  78 0.775 209.16 0.117553
  79 0.785 206.244 0.115914
  80 0.795 207.3 0.116508
  81 0.805 207.028 0.116355
  82 0.815 204.45 0.114906
  83 0.825 204.348 0.114849
  84 0.835 210.092 0.118077
  85 0.845 202.048 0.113556
  86 0.855 201.608 0.113309
  87 0.865 206.35 0.115974
  88 0.875 204.814 0.115111
  89 0.885 195.476 0.109862
  90 0.895 205.586 0.115544
  91 0.905 205.586 0.115544
  92 0.915 202.368 0.113736
  93 0.925 199.304 0.112014
  94 0.935 202.21 0.113647
  95 0.945 204.27 0.114805
  96 0.955 195.242 0.109731
  97 0.965 198.964 0.111823
  98 0.975 207.676 0.116719
  99 0.985 199.41 0.112073
  100 0.995 202.05 0.113557
130000 100 20999.999999999993
  1 0.005 204.382 0.114868
  2 0.015 206.8 0.116227
  3 0.025 201.42 0.113203
  4 0.035 199.696 0.112234
  5 0.045 206.32 0.115957
  6 0.055 199.542 0.112148
  7 0.065 202.908 0.114039
  8 0.075 210.728 0.118434
  9 0.085 203.414 0.114324
  10 0.095 207.52 0.116631
  11 0.105 216.474 0.121664
  12 0.115 202.864 0.114015
  13 0.125 211.648 0.118951
  14 0.135 216.894 0.1219
  15 0.145 203.882 0.114587
  16 0.155 209.854 0.117943
  17 0.165 218.03 0.122538
  18 0.175 202.952 0.114064
  19 0.185 205.896 0.115719
  20 0.195 212.99 0.119706
  21 0.205 213.412 0.119943
  22 0.215 215.472 0.121101
  23 0.225 215.504 0.121119
  24 0.235 217.8 0.122409
  25 0.245 214.974 0.120821
  26 0.255 215.096 0.120889
  27 0.265 218.214 0.122642
  28 0.275 217.494 0.122237
  29 0.285 215.16 0.120925
  30 0.295 215.13 0.120908
  31 0.305 216.266 0.121547
  32 0.315 217.536 0.122261
  33 0.325 215.554 0.121147
  34 0.335 217.462 0.122219
  35 0.345 218.672 0.122899
  36 0.355 212.576 0.119473
  37 0.365 216.51 0.121684
  38 0.375 222.09 0.12482
  39 0.385 207.684 0.116724
  40 0.395 214.452 0.120527
  41 0.405 218.28 0.122679
  42 0.415 213.49 0.119987
  43 0.425 216.494 0.121675
  44 0.435 214.224 0.120399
  45 0.445 214.084 0.120321
  46 0.455 212.694 0.119539
  47 0.465 216.08 0.121442
  48 0.475 211.548 0.118895
  49 0.485 215.796 0.121283
  50 0.495 215.25 0.120976
  51 0.505 216.856 0.121878
  52 0.515 214.484 0.120545
  53 0.525 214.676 0.120653
  54 0.535 207.708 0.116737
  55 0.545 210.864 0.118511
  56 0.555 210.184 0.118129
  57 0.565 207.428 0.11658
  58 0.575 209.13 0.117536
  59 0.585 211.062 0.118622
  60 0.595 208.046 0.116927
  61 0.605 209.688 0.11785
  62 0.615 212.408 0.119379
  63 0.625 214.654 0.120641
  64 0.635 209.256 0.117607
  65 0.645 213.844 0.120186
  66 0.655 209.594 0.117797
  67 0.665 212.488 0.119424
  68 0.675 207.188 0.116445
  69 0.685 213.116 0.119776
  70 0.695 206.98 0.116328
  71 0.705 203.988 0.114646
  72 0.715 206.774 0.116212
  73 0.725 218.974 0.123069
  74 0.735 202.644 0.113891
  75 0.745 206.236 0.11591
  76 0.755 209.126 0.117534
  77 0.765 217.272 0.122112
  78 0.775 204.736 0.115067
  79 0.785 212.588 0.11948
  80 0.795 205.066 0.115252
  81 0.805 204.392 0.114873
  82 0.815 202.326 0.113712
  83 0.825 212.906 0.119658
  84 0.835 197.1 0.110775
  85 0.845 204.516 0.114943
  86 0.855 210.964 0.118567
  87 0.865 200.558 0.112719
  88 0.875 207.062 0.116374
  89 0.885 203.83 0.114558
  90 0.895 202.2 0.113641
  91 0.905 203.12 0.114158
  92 0.915 208.154 0.116988
  93 0.925 195.926 0.110115
  94 0.935 204.232 0.114783
  95 0.945 201.556 0.113279
  96 0.955 206.172 0.115874
  97 0.965 203.934 0.114616
  98 0.975 200.844 0.112879
  99 0.985 210.926 0.118546
  100 0.995 203.012 0.114098
140000 100 21000
  1 0.005 202.23 0.113658
  2 0.015 202.722 0.113935
  3 0.025 199.53 0.112141
  4 0.035 203.04 0.114114
  5 0.045 208.778 0.117338
  6 0.055 208.288 0.117063
  7 0.065 203.698 0.114483
  8 0.075 208.398 0.117125
  9 0.085 204.874 0.115144
  10 0.095 206.142 0.115857
  11 0.105 205.914 0.115729
  12 0.115 208.234 0.117033
  13 0.125 202.164 0.113621
  14 0.135 211.444 0.118837
  15 0.145 208.154 0.116988
  16 0.155 202.258 0.113674
  17 0.165 213.682 0.120095
  18 0.175 207.962 0.11688
  19 0.185 206.884 0.116274
  20 0.195 207.272 0.116492
  21 0.205 205.476 0.115483
  22 0.215 215.394 0.121057
  23 0.225 208.912 0.117414
  24 0.235 212.316 0.119327
  25 0.245 211.404 0.118814
  26 0.255 210.568 0.118344
  27 0.265 212.312 0.119325
  28 0.275 214.772 0.120707
  29 0.285 213.61 0.120054
  30 0.295 213.846 0.120187
  31 0.305 215.11 0.120897
  32 0.315 221.186 0.124312
  33 0.325 211.796 0.119035
  34 0.335 212.692 0.119538
  35 0.345 216.656 0.121766
  36 0.355 219.124 0.123153
  37 0.365 212.444 0.119399
  38 0.375 219.044 0.123108
  39 0.385 215.992 0.121393
  40 0.395 223.528 0.125628
  41 0.405 215.596 0.12117
  42 0.415 222.018 0.12478
  43 0.425 222.138 0.124847
  44 0.435 214.398 0.120497
  45 0.445 221.766 0.124638
  46 0.455 222.98 0.12532
  47 0.465 220.074 0.123687
  48 0.475 218.54 0.122825
  49 0.485 223.99 0.125888
  50 0.495 218.21 0.122639
  51 0.505 211.626 0.118939
  52 0.515 216.742 0.121814
  53 0.525 214.886 0.120771
  54 0.535 207.242 0.116475
  55 0.545 215.44 0.121083
  56 0.555 214.162 0.120364
  57 0.565 203.846 0.114567
  58 0.575 214.538 0.120576
  59 0.585 212.376 0.119361
  60 0.595 207.128 0.116411
  61 0.605 212.136 0.119226
  62 0.615 210.248 0.118165
  63 0.625 208.136 0.116978
  64 0.635 211.638 0.118946
  65 0.645 200.256 0.112549
  66 0.655 213.282 0.11987
  67 0.665 207.366 0.116545
  68 0.675 206.346 0.115972
  69 0.685 203.998 0.114652
  70 0.695 210.706 0.118422
  71 0.705 205.878 0.115709
  72 0.715 206.118 0.115843
  73 0.725 207.926 0.11686
  74 0.735 210.77 0.118458
  75 0.745 206.678 0.116158
  76 0.755 208.308 0.117074
  77 0.765 207.974 0.116887
  78 0.775 210.654 0.118393
  79 0.785 209.39 0.117682
  80 0.795 206.45 0.11603
  81 0.805 213.324 0.119893
  82 0.815 201.49 0.113242
  83 0.825 210.154 0.118112
  84 0.835 206.018 0.115787
  85 0.845 203.966 0.114634
  86 0.855 209.302 0.117633
  87 0.865 204.762 0.115081
  88 0.875 206.124 0.115847
  89 0.885 209.094 0.117516
  90 0.895 203.018 0.114101
  91 0.905 209.224 0.117589
  92 0.915 207.724 0.116746
  93 0.925 198.012 0.111288
  94 0.935 205.312 0.11539
  95 0.945 205.172 0.115312
  96 0.955 199.602 0.112181
  97 0.965 207.47 0.116603
  98 0.975 206.278 0.115933
  99 0.985 200.88 0.1129
  100 0.995 203.27 0.114243
150000 100 20999.999999999996
  1 0.005 204.792 0.115098
  2 0.015 203.506 0.114375
  3 0.025 200.696 0.112796
  4 0.035 209.898 0.117968
  5 0.045 203.598 0.114427
  6 0.055 202.666 0.113903
  7 0.065 208.924 0.11742
  8 0.075 205.59 0.115547
  9 0.085 207.076 0.116382
  10 0.095 206.094 0.11583
  11 0.105 206.016 0.115786
  12 0.115 207.842 0.116812
  13 0.125 210.604 0.118365
  14 0.135 208.752 0.117324
  15 0.145 209.654 0.117831
  16 0.155 209.928 0.117985
  17 0.165 210.506 0.11831
  18 0.175 206.848 0.116254
  19 0.185 198.748 0.111701
  20 0.195 209.738 0.117878
  21 0.205 204.03 0.11467
  22 0.215 203.114 0.114155
  23 0.225 205.974 0.115763
  24 0.235 207.898 0.116844
  25 0.245 201.922 0.113485
  26 0.255 209.29 0.117626
  27 0.265 210.864 0.118511
  28 0.275 204.486 0.114926
  29 0.285 205.624 0.115566
  30 0.295 212.532 0.119448
  31 0.305 205.738 0.11563
  32 0.315 205.418 0.11545
  33 0.325 209.692 0.117852
  34 0.335 214.876 0.120766
  35 0.345 204.57 0.114973
  36 0.355 212.268 0.1193
  37 0.365 217.254 0.122102
  38 0.375 210.464 0.118286
  39 0.385 212.004 0.119152
  40 0.395 220.242 0.123781
  41 0.405 221.13 0.124281
  42 0.415 213.836 0.120181
  43 0.425 214.692 0.120662
  44 0.435 226.268 0.127168
  45 0.445 226.274 0.127172
  46 0.455 214.416 0.120507
  47 0.465 229.3 0.128872
  48 0.475 226.146 0.1271
  49 0.485 216.592 0.12173
  50 0.495 223.392 0.125552
  51 0.505 223.788 0.125774
  52 0.515 215.234 0.120967
  53 0.525 222.154 0.124856
  54 0.535 219.798 0.123532
  55 0.545 211.648 0.118951
  56 0.555 217.762 0.122388
  57 0.565 217.238 0.122093
  58 0.575 216.146 0.121479
  59 0.585 214.19 0.12038
  60 0.595 220.608 0.123987
  61 0.605 212.244 0.119286
  62 0.615 209.936 0.117989
  63 0.625 214.784 0.120714
  64 0.635 213.23 0.119841
  65 0.645 208.45 0.117154
  66 0.655 210.034 0.118044
  67 0.665 211.104 0.118646
  68 0.675 210.35 0.118222
  69 0.685 204.26 0.114799
  70 0.695 210.666 0.1184
  71 0.705 211.41 0.118818
  72 0.715 206.102 0.115834
  73 0.725 209.434 0.117707
  74 0.735 213.272 0.119864
  75 0.745 199.95 0.112377
  76 0.755 209.122 0.117532
  77 0.765 206.374 0.115987
  78 0.775 205.7 0.115609
  79 0.785 209.688 0.11785
  80 0.795 208.252 0.117043
  81 0.805 200.792 0.11285
  82 0.815 213.298 0.119879
  83 0.825 210.29 0.118188
  84 0.835 200.764 0.112834
  85 0.845 207.504 0.116622
  86 0.855 208.894 0.117404
  87 0.865 203.84 0.114563
  88 0.875 206.786 0.116219
  89 0.885 208.524 0.117196
  90 0.895 208.98 0.117452
  91 0.905 209.696 0.117854
  92 0.915 203.146 0.114173
  93 0.925 204.34 0.114844
  94 0.935 202.014 0.113537
  95 0.945 205.66 0.115586
  96 0.955 201.46 0.113226
  97 0.965 205.748 0.115635
  98 0.975 202.96 0.114069
  99 0.985 205.13 0.115288
  100 0.995 205.464 0.115476
160000 100 20999.999999999996
  1 0.005 204.074 0.114695
  2 0.015 206.67 0.116154
  3 0.025 217.592 0.122292
  4 0.035 202.318 0.113708
  5 0.045 199.45 0.112096
  6 0.055 211.11 0.118649
  7 0.065 202.212 0.113648
  8 0.075 198.184 0.111384
  9 0.085 215.63 0.121189
  10 0.095 207.442 0.116588
  11 0.105 207.538 0.116642
  12 0.115 212.704 0.119545
  13 0.125 204.124 0.114723
  14 0.135 204.832 0.115121
  15 0.145 206.368 0.115984
  16 0.155 202.856 0.11401
  17 0.165 203.174 0.114189
  18 0.175 199.966 0.112386
  19 0.185 210.32 0.118205
  20 0.195 202.512 0.113817
  21 0.205 208.6 0.117238
  22 0.215 203.252 0.114233
  23 0.225 201.198 0.113078
  24 0.235 207.198 0.11645
  25 0.245 206.726 0.116185
  26 0.255 210.044 0.11805
  27 0.265 207.102 0.116396
  28 0.275 214.104 0.120332
  29 0.285 209.56 0.117778
  30 0.295 202.376 0.11374
  31 0.305 210.864 0.118511
  32 0.315 211.43 0.118829
  33 0.325 204.022 0.114665
  34 0.335 210.628 0.118378
  35 0.345 213.476 0.119979
  36 0.355 207.054 0.116369
  37 0.365 210.62 0.118374
  38 0.375 209.054 0.117494
  39 0.385 212.588 0.11948
  40 0.395 215.708 0.121233
  41 0.405 211.856 0.119068
  42 0.415 216.102 0.121455
  43 0.425 211.524 0.118882
  44 0.435 221.09 0.124258
  45 0.445 214.854 0.120753
  46 0.455 215.88 0.12133
  47 0.465 222.17 0.124865
  48 0.475 212.13 0.119222
  49 0.485 226.658 0.127387
  50 0.495 217.874 0.122451
  51 0.505 213.112 0.119774
  52 0.515 223.738 0.125746
  53 0.525 215.81 0.121291
  54 0.535 221.256 0.124351
  55 0.545 223.942 0.125861
  56 0.555 213.854 0.120191
  57 0.565 213.682 0.120095
  58 0.575 220.264 0.123794
  59 0.585 212.04 0.119172
  60 0.595 217.514 0.122248
  61 0.605 220.364 0.12385
  62 0.615 219.234 0.123215
  63 0.625 217.296 0.122126
  64 0.635 214.39 0.120493
  65 0.645 216.768 0.121829
  66 0.655 213.192 0.119819
  67 0.665 213.232 0.119842
  68 0.675 216.588 0.121728
  69 0.685 216.256 0.121541
  70 0.695 202.864 0.114015
  71 0.705 213.134 0.119787
  72 0.715 207.002 0.11634
  73 0.725 208.526 0.117197
  74 0.735 211.938 0.119114
  75 0.745 210.218 0.118148
  76 0.755 205.116 0.11528
  77 0.765 206.718 0.116181
  78 0.775 203.474 0.114357
  79 0.785 204.446 0.114904
  80 0.795 206.552 0.116087
  81 0.805 197.854 0.111199
  82 0.815 214.278 0.12043
  83 0.825 202.592 0.113862
  84 0.835 200.458 0.112662
  85 0.845 207.056 0.116371
  86 0.855 207.074 0.116381
  87 0.865 203.77 0.114524
  88 0.875 207.84 0.116811
  89 0.885 208.972 0.117447
  90 0.895 206.528 0.116074
  91 0.905 204.922 0.115171
  92 0.915 210.916 0.11854
  93 0.925 207.32 0.116519
  94 0.935 204.772 0.115087
  95 0.945 210.842 0.118498
  96 0.955 210.866 0.118512
  97 0.965 201.186 0.113072
  98 0.975 209.998 0.118024
  99 0.985 200.468 0.112668
  100 0.995 214.95 0.120807
170000 100 21000.000000000015
  1 0.005 200.398 0.112629
  2 0.015 204.508 0.114939
  3 0.025 211.2 0.1187
  4 0.035 205.444 0.115465
  5 0.045 202.504 0.113812
  6 0.055 213.824 0.120174
  7 0.065 207.26 0.116485
  8 0.075 198.128 0.111353
  9 0.085 207.134 0.116414
  10 0.095 209.034 0.117482
  11 0.105 204.354 0.114852
  12 0.115 201.136 0.113043
  13 0.125 209.892 0.117965
  14 0.135 203.974 0.114638
  15 0.145 197.91 0.11123
  16 0.155 213.548 0.120019
  17 0.165 203.76 0.114518
  18 0.175 201.532 0.113266
  19 0.185 201.734 0.11338
  20 0.195 205.262 0.115362
  21 0.205 202.134 0.113604
  22 0.215 202.846 0.114004
  23 0.225 206.3 0.115946
  24 0.235 203.07 0.11413
  25 0.245 204.516 0.114943
  26 0.255 203.784 0.114532
  27 0.265 204.052 0.114682
  28 0.275 205.768 0.115647
  29 0.285 206.584 0.116105
  30 0.295 207.302 0.116509
  31 0.305 208.2 0.117014
  32 0.315 209.62 0.117812
  33 0.325 204.428 0.114894
  34 0.335 210.236 0.118158
  35 0.345 208.284 0.117061
  36 0.355 215.278 0.120992
  37 0.365 215.572 0.121157
  38 0.375 213.586 0.120041
  39 0.385 224.13 0.125967
  40 0.395 216.844 0.121872
  41 0.405 219.356 0.123284
  42 0.415 218.144 0.122602
  43 0.425 218.34 0.122713
  44 0.435 214.306 0.120445
  45 0.445 215.034 0.120854
  46 0.455 208.476 0.117169
  47 0.465 219.584 0.123412
  48 0.475 218.52 0.122814
  49 0.485 215.916 0.12135
  50 0.495 208.512 0.117189
  51 0.505 217.868 0.122447
  52 0.515 219.854 0.123563
  53 0.525 213.36 0.119914
  54 0.535 222.18 0.124871
  55 0.545 223.476 0.125599
  56 0.555 211.302 0.118757
  57 0.565 220.852 0.124124
  58 0.575 215.8 0.121285
  59 0.585 214.278 0.12043
  60 0.595 217.092 0.122011
  61 0.605 216.146 0.121479
  62 0.615 215.714 0.121237
  63 0.625 214.642 0.120634
  64 0.635 214.772 0.120707
  65 0.645 213.276 0.119866
  66 0.655 215.036 0.120856
  67 0.665 216.512 0.121685
  68 0.675 209.834 0.117932
  69 0.685 214.424 0.120512
  70 0.695 214.652 0.12064
  71 0.705 214.482 0.120544
  72 0.715 211.036 0.118607
  73 0.725 212.654 0.119517
  74 0.735 215.88 0.12133
  75 0.745 207.512 0.116627
  76 0.755 211.924 0.119107
  77 0.765 211.044 0.118612
  78 0.775 204.32 0.114833
  79 0.785 209.698 0.117855
  80 0.795 209.608 0.117805
  81 0.805 211.224 0.118713
  82 0.815 203.342 0.114283
  83 0.825 204.828 0.115118
  84 0.835 211.632 0.118942
  85 0.845 203.708 0.114489
  86 0.855 212.48 0.119419
  87 0.865 210.628 0.118378
  88 0.875 206.212 0.115896
  89 0.885 209.614 0.117808
  90 0.895 216.632 0.121753
  91 0.905 206.364 0.115982
  92 0.915 205.786 0.115657
  93 0.925 211.65 0.118953
  94 0.935 204.994 0.115212
  95 0.945 204.95 0.115187
  96 0.955 206.748 0.116198
  97 0.965 201.686 0.113353
  98 0.975 195.07 0.109634
  99 0.985 207.586 0.116668
  100 0.995 204.38 0.114867
180000 100 20999.999999999996
  1 0.005 198.226 0.111408
  2 0.015 214.524 0.120568
  3 0.025 210.474 0.118292
  4 0.035 193.808 0.108925
  5 0.045 211.826 0.119051
  6 0.055 204.63 0.115007
  7 0.065 196.758 0.110583
  8 0.075 205.22 0.115339
  9 0.085 206.812 0.116233
  10 0.095 206.106 0.115837
  11 0.105 206.858 0.116259
  12 0.115 212.086 0.119198
  13 0.125 201.298 0.113134
  14 0.135 211.996 0.119147
  15 0.145 215.26 0.120981
  16 0.155 201.616 0.113313
  17 0.165 213.964 0.120253
  18 0.175 213.474 0.119978
  19 0.185 209.708 0.117861
  20 0.195 207.154 0.116426
  21 0.205 213.388 0.119929
  22 0.215 204.89 0.115153
  23 0.225 211.032 0.118605
  24 0.235 210.056 0.118057
  25 0.245 207.274 0.116493
  26 0.255 209.762 0.117891
  27 0.265 205.378 0.115428
  28 0.275 209.798 0.117912
  29 0.285 213.374 0.119921
  30 0.295 205.92 0.115732
  31 0.305 210.962 0.118566
  32 0.315 211.52 0.118879
  33 0.325 211.432 0.11883
  34 0.335 209.788 0.117906
  35 0.345 208.414 0.117134
  36 0.355 209.29 0.117626
  37 0.365 211.054 0.118618
  38 0.375 210.206 0.118141
  39 0.385 213.444 0.119961
  40 0.395 215.13 0.120908
  41 0.405 213.98 0.120262
  42 0.415 215.494 0.121113
  43 0.425 211.868 0.119075
  44 0.435 210.594 0.118359
  45 0.445 214.6 0.120611
  46 0.455 215.346 0.12103
  47 0.465 219.884 0.12358
  48 0.475 218.782 0.122961
  49 0.485 207.826 0.116803
  50 0.495 212.358 0.11935
  51 0.505 217.772 0.122393
  52 0.515 206.916 0.116292
  53 0.525 214.798 0.120722
  54 0.535 215.352 0.121033
  55 0.545 203.71 0.11449
  56 0.555 218.668 0.122897
  57 0.565 217.924 0.122479
  58 0.575 207.592 0.116672
  59 0.585 211.36 0.11879
  60 0.595 217.728 0.122369
  61 0.605 214.418 0.120508
  62 0.615 210.058 0.118058
  63 0.625 215.56 0.12115
  64 0.635 224.362 0.126097
  65 0.645 203.238 0.114225
  66 0.655 212.428 0.11939
  67 0.665 224.042 0.125917
  68 0.675 209.026 0.117478
  69 0.685 209.224 0.117589
  70 0.695 225.21 0.126574
  71 0.705 213.136 0.119788
  72 0.715 203.688 0.114478
  73 0.725 214.28 0.120431
  74 0.735 215.29 0.120998
  75 0.745 206.396 0.116
  76 0.755 216.174 0.121495
  77 0.765 211.85 0.119065
  78 0.775 207.774 0.116774
  79 0.785 200.41 0.112635
  80 0.795 210.454 0.11828
  81 0.805 209.988 0.118018
  82 0.815 199.53 0.112141
  83 0.825 208.386 0.117118
  84 0.835 211.318 0.118766
  85 0.845 207.37 0.116547
  86 0.855 203.4 0.114316
  87 0.865 207.304 0.11651
  88 0.875 207.186 0.116444
  89 0.885 201.906 0.113476
  90 0.895 211.342 0.118779
  91 0.905 204.968 0.115197
  92 0.915 204.498 0.114933
  93 0.925 206.588 0.116108
  94 0.935 210.14 0.118104
  95 0.945 205.038 0.115236
  96 0.955 206.452 0.116031
  97 0.965 213.14 0.11979
  98 0.975 202.938 0.114056
  99 0.985 208.262 0.117048
  100 0.995 206.766 0.116208
190000 100 21000
  1 0.005 205.662 0.115587
  2 0.015 213.614 0.120056
  3 0.025 204.582 0.11498
  4 0.035 204.252 0.114795
  5 0.045 212.262 0.119297
  6 0.055 206.63 0.116131
  7 0.065 211.88 0.119082
  8 0.075 209.322 0.117644
  9 0.085 210.244 0.118162
  10 0.095 211.086 0.118636
  11 0.105 207.292 0.116503
  12 0.115 217.774 0.122394
  13 0.125 215.364 0.12104
  14 0.135 216.366 0.121603
  15 0.145 221.684 0.124592
  16 0.155 213.92 0.120228
  17 0.165 217.566 0.122277
  18 0.175 215.87 0.121324
  19 0.185 216.886 0.121895
  20 0.195 215.946 0.121367
  21 0.205 220.608 0.123987
  22 0.215 203.328 0.114275
  23 0.225 216.674 0.121776
  24 0.235 215.224 0.120961
  25 0.245 206.324 0.115959
  26 0.255 214.448 0.120525
  27 0.265 208.4 0.117126
  28 0.275 204.556 0.114966
  29 0.285 206.142 0.115857
  30 0.295 209.658 0.117833
  31 0.305 198.508 0.111566
  32 0.315 207.504 0.116622
  33 0.325 199.304 0.112014
  34 0.335 201.002 0.112968
  35 0.345 209.566 0.117781
  36 0.355 207.382 0.116554
  37 0.365 203.466 0.114353
  38 0.375 213.97 0.120256
  39 0.385 207.236 0.116472
  40 0.395 203.722 0.114497
  41 0.405 215.738 0.12125
  42 0.415 209.446 0.117714
  43 0.425 206.436 0.116022
  44 0.435 216.87 0.121886
  45 0.445 213.136 0.119788
  46 0.455 207.902 0.116846
  47 0.465 211.316 0.118765
  48 0.475 210.044 0.11805
  49 0.485 217.36 0.122162
  50 0.495 207.048 0.116366
  51 0.505 209.194 0.117572
  52 0.515 214.612 0.120617
  53 0.525 209.774 0.117898
  54 0.535 209.332 0.11765
  55 0.545 214.618 0.120621
  56 0.555 217.986 0.122514
  57 0.565 206.484 0.116049
  58 0.575 210.472 0.11829
  59 0.585 213.076 0.119754
  60 0.595 210.1 0.118081
  61 0.605 208.296 0.117068
  62 0.615 221.406 0.124436
  63 0.625 208.186 0.117006
  64 0.635 210.93 0.118548
  65 0.645 216.472 0.121663
  66 0.655 208.78 0.11734
  67 0.665 214.434 0.120517
  68 0.675 210.81 0.11848
  69 0.685 203.388 0.114309
  70 0.695 214.508 0.120559
  71 0.705 213.736 0.120125
  72 0.715 202.562 0.113845
  73 0.725 207.23 0.116468
  74 0.735 212.99 0.119706
  75 0.745 202.552 0.113839
  76 0.755 213.568 0.120031
  77 0.765 204.9 0.115159
  78 0.775 212.714 0.119551
  79 0.785 211.096 0.118641
  80 0.795 210.676 0.118405
  81 0.805 208.924 0.11742
  82 0.815 206.084 0.115824
  83 0.825 208.288 0.117063
  84 0.835 213.968 0.120255
  85 0.845 203.666 0.114465
  86 0.855 204.654 0.115021
  87 0.865 218.978 0.123071
  88 0.875 204.372 0.114862
  89 0.885 211.03 0.118604
  90 0.895 206.306 0.115949
  91 0.905 204.61 0.114996
  92 0.915 207.846 0.116815
  93 0.925 202.866 0.114016
  94 0.935 204.34 0.114844
  95 0.945 207.518 0.11663
  96 0.955 206.762 0.116205
  97 0.965 211.198 0.118699
  98 0.975 207.194 0.116448
  99 0.985 211.198 0.118699
  100 0.995 204.796 0.1151
200000 100 20999.999999999985
  1 0.005 211.926 0.119108
  2 0.015 211.464 0.118848
  3 0.025 201.734 0.11338
  4 0.035 212.21 0.119267
  5 0.045 214.516 0.120563
  6 0.055 204.408 0.114882
  7 0.065 205.884 0.115712
  8 0.075 222.62 0.125118
  9 0.085 200.618 0.112752
  10 0.095 206.622 0.116127
  11 0.105 221.764 0.124637
  12 0.115 205.828 0.11568
  13 0.125 209.23 0.117592
  14 0.135 217.518 0.122251
  15 0.145 209.88 0.117958
  16 0.155 205.698 0.115607
  17 0.165 215.85 0.121313
  18 0.175 215.194 0.120944
  19 0.185 211.946 0.119119
  20 0.195 219.354 0.123282
  21 0.205 224.382 0.126108
  22 0.215 211.108 0.118648
  23 0.225 222.17 0.124865
  24 0.235 214.51 0.12056
  25 0.245 212.776 0.119585
  26 0.255 211.856 0.119068
  27 0.265 212.268 0.1193
  28 0.275 208.196 0.117011
  29 0.285 206.844 0.116251
  30 0.295 210.238 0.118159
  31 0.305 201.328 0.113151
  32 0.315 206.724 0.116184
  33 0.325 205.806 0.115668
  34 0.335 204.39 0.114872
  35 0.345 211.712 0.118987
  36 0.355 214.044 0.120298
  37 0.365 201.8 0.113417
  38 0.375 210.962 0.118566
  39 0.385 213.922 0.120229
  40 0.395 203.752 0.114514
  41 0.405 212.074 0.119191
  42 0.415 212.03 0.119166
  43 0.425 205.822 0.115677
  44 0.435 206.538 0.116079
  45 0.445 210.6 0.118362
  46 0.455 214.358 0.120475
  47 0.465 207.56 0.116654
  48 0.475 208.696 0.117292
  49 0.485 218.404 0.122748
  50 0.495 204.134 0.114728
  51 0.505 206.166 0.11587
  52 0.515 211.37 0.118795
  53 0.525 205.828 0.11568
  54 0.535 209.64 0.117823
  55 0.545 215.784 0.121276
  56 0.555 202.632 0.113884
  57 0.565 207.114 0.116403
  58 0.575 212.608 0.119491
  59 0.585 201.896 0.113471
  60 0.595 206.666 0.116151
  61 0.605 212.38 0.119363
  62 0.615 201.124 0.113037
  63 0.625 215.054 0.120866
  64 0.635 206.444 0.116027
  65 0.645 202.782 0.113969
  66 0.655 209.736 0.117877
  67 0.665 204.988 0.115208
  68 0.675 207.902 0.116846
  69 0.685 206.402 0.116003
  70 0.695 207.056 0.116371
  71 0.705 208.05 0.116929
  72 0.715 207.092 0.116391
  73 0.725 218.826 0.122986
  74 0.735 212.196 0.119259
  75 0.745 208.8 0.117351
  76 0.755 222.42 0.125006
  77 0.765 212.082 0.119195
  78 0.775 212.078 0.119193
  79 0.785 212.158 0.119238
  80 0.795 213.566 0.120029
  81 0.805 202.42 0.113765
  82 0.815 212.872 0.119639
  83 0.825 209.944 0.117994
  84 0.835 207.624 0.11669
  85 0.845 213.128 0.119783
  86 0.855 209.592 0.117796
  87 0.865 210.656 0.118394
  88 0.875 211.996 0.119147
  89 0.885 210.434 0.118269
  90 0.895 202.964 0.114071
  91 0.905 206.62 0.116126
  92 0.915 211.064 0.118623
  93 0.925 209.728 0.117872
  94 0.935 208.542 0.117206
  95 0.945 209.802 0.117914
  96 0.955 215.618 0.121183
  97 0.965 206.106 0.115837
  98 0.975 214.904 0.120781
  99 0.985 208.404 0.117128
  100 0.995 203.474 0.114357
