# Chunk-averaged data for fix ave_densityz and group all
# Timestep Number-of-chunks Total-count
# Chunk Coord1 Ncount density/mass
10000 100 21000
  1 0.005 194.284 0.109192
  2 0.015 197.236 0.110852
  3 0.025 188.064 0.105697
  4 0.035 191.358 0.107548
  5 0.045 194.026 0.109047
  6 0.055 181.516 0.102017
  7 0.065 183.814 0.103308
  8 0.075 174.142 0.0978721
  9 0.085 181.134 0.101802
  10 0.095 170.566 0.0958623
  11 0.105 169.31 0.0951564
  12 0.115 177.634 0.0998347
  13 0.125 172.052 0.0966975
  14 0.135 160.83 0.0903905
  15 0.145 159.106 0.0894215
  16 0.155 163.352 0.0918079
  17 0.165 155.682 0.0874972
  18 0.175 162.134 0.0911233
  19 0.185 152.034 0.0854469
  20 0.195 146.73 0.0824659
  21 0.205 151.878 0.0853592
  22 0.215 149.328 0.083926
  23 0.225 146.888 0.0825547
  24 0.235 143.592 0.0807023
  25 0.245 150.114 0.0843678
  26 0.255 149.372 0.0839508
  27 0.265 156.604 0.0880153
  28 0.275 147.94 0.083146
  29 0.285 152.352 0.0856256
  30 0.295 165.934 0.093259
  31 0.305 153.906 0.086499
  32 0.315 161.862 0.0909705
  33 0.325 170.59 0.0958758
  34 0.335 167.392 0.0940785
  35 0.345 170.672 0.0959219
  36 0.355 174.676 0.0981723
  37 0.365 180.306 0.101336
  38 0.375 183.406 0.103079
  39 0.385 182.21 0.102407
  40 0.395 187.594 0.105432
  41 0.405 191.506 0.107631
  42 0.415 190.296 0.106951
  43 0.425 194.542 0.109337
  44 0.435 200.456 0.112661
  45 0.445 205.312 0.11539
  46 0.455 215.178 0.120935
  47 0.465 211.69 0.118975
  48 0.475 224.36 0.126096
  49 0.485 219.17 0.123179
  50 0.495 228.366 0.128347
  51 0.505 233.236 0.131084
  52 0.515 233.522 0.131245
  53 0.525 236.61 0.132981
  54 0.535 238.112 0.133825
  55 0.545 246.188 0.138364
  56 0.555 238.442 0.13401
  57 0.565 250.898 0.141011
  58 0.575 246.664 0.138631
  59 0.585 245.562 0.138012
  60 0.595 256.67 0.144255
  61 0.605 249.066 0.139981
  62 0.615 249.43 0.140186
  63 0.625 257.82 0.144901
  64 0.635 248.592 0.139715
  65 0.645 249.732 0.140356
  66 0.655 264.978 0.148924
  67 0.665 254.3 0.142923
  68 0.675 254.29 0.142917
  69 0.685 268.096 0.150677
  70 0.695 253.768 0.142624
  71 0.705 263.366 0.148018
  72 0.715 266.4 0.149723
  73 0.725 254.476 0.143022
  74 0.735 259.594 0.145898
  75 0.745 267.004 0.150063
  76 0.755 251.046 0.141094
  77 0.765 264.242 0.148511
  78 0.775 265.108 0.148997
  79 0.785 251.518 0.141359
  80 0.795 263.768 0.148244
  81 0.805 257.752 0.144863
  82 0.815 257.886 0.144938
  83 0.825 254.338 0.142944
  84 0.835 260.73 0.146537
  85 0.845 258.198 0.145114
  86 0.855 241.034 0.135467
  87 0.865 263.936 0.148339
  88 0.875 240.124 0.134956
  89 0.885 234.98 0.132065
  90 0.895 238.048 0.133789
  91 0.905 220.83 0.124112
  92 0.915 222.592 0.125102
  93 0.925 215.976 0.121384
  94 0.935 219.328 0.123268
  95 0.945 213.978 0.120261
  96 0.955 210.184 0.118129
  97 0.965 201.71 0.113366
  98 0.975 211.796 0.119035
  99 0.985 190.188 0.10689
  100 0.995 201.398 0.113191
20000 100 20999.999999999993
  1 0.005 194.674 0.109412
  2 0.015 195.608 0.109937
  3 0.025 192.294 0.108074
  4 0.035 187.452 0.105353
  5 0.045 183.642 0.103211
  6 0.055 185.646 0.104338
  7 0.065 183.164 0.102943
  8 0.075 175.746 0.0987736
  9 0.085 179.012 0.100609
  10 0.095 181.132 0.101801
  11 0.105 178.114 0.100104
  12 0.115 175.714 0.0987556
  13 0.125 183.716 0.103253
  14 0.135 170.322 0.0957252
  15 0.145 176.482 0.0991873
  16 0.155 179.378 0.100815
  17 0.165 173.676 0.0976102
  18 0.175 178.274 0.100194
  19 0.185 175.024 0.0983678
  20 0.195 170.212 0.0956634
  21 0.205 174.048 0.0978193
  22 0.215 173.886 0.0977283
  23 0.225 163.304 0.0917809
  24 0.235 169.64 0.0953419
  25 0.245 173.808 0.0976844
  26 0.255 168.102 0.0944775
  27 0.265 168.614 0.0947653
  28 0.275 167.61 0.094201
  29 0.285 172.406 0.0968965
  30 0.295 169.88 0.0954768
  31 0.305 177.796 0.0999258
  32 0.315 172.568 0.0969875
  33 0.325 176.452 0.0991704
  34 0.335 182.736 0.102702
  35 0.345 178.592 0.100373
  36 0.355 180.514 0.101453
  37 0.365 190.232 0.106915
  38 0.375 192.044 0.107934
  39 0.385 187.906 0.105608
  40 0.395 198.33 0.111466
  41 0.405 193.998 0.109032
  42 0.415 196.654 0.110524
  43 0.425 200.844 0.112879
  44 0.435 205.89 0.115715
  45 0.445 192.776 0.108345
  46 0.455 216.558 0.121711
  47 0.465 208.816 0.11736
  48 0.475 205.348 0.115411
  49 0.485 217.49 0.122235
  50 0.495 218.492 0.122798
  51 0.505 220.262 0.123793
  52 0.515 227.644 0.127942
  53 0.525 229.83 0.12917
  54 0.535 235.842 0.132549
  55 0.545 235.48 0.132346
  56 0.555 237.162 0.133291
  57 0.565 238.946 0.134294
  58 0.575 236.64 0.132998
  59 0.585 240.61 0.135229
  60 0.595 238.044 0.133787
  61 0.605 244.12 0.137202
  62 0.615 237.372 0.133409
  63 0.625 249.25 0.140085
  64 0.635 244.52 0.137426
  65 0.645 247.67 0.139197
  66 0.655 250.524 0.140801
  67 0.665 251.33 0.141254
  68 0.675 249.762 0.140372
  69 0.685 252.756 0.142055
  70 0.695 248.552 0.139692
  71 0.705 253.808 0.142646
  72 0.715 254.786 0.143196
  73 0.725 248.552 0.139692
  74 0.735 254.006 0.142758
  75 0.745 257.68 0.144823
  76 0.755 240.488 0.13516
  77 0.765 247.632 0.139175
  78 0.775 251.77 0.141501
  79 0.785 241.688 0.135835
  80 0.795 238.54 0.134065
  81 0.805 244.758 0.13756
  82 0.815 241.052 0.135477
  83 0.825 238.088 0.133811
  84 0.835 238.942 0.134291
  85 0.845 239.568 0.134643
  86 0.855 236.432 0.132881
  87 0.865 235.752 0.132498
  88 0.875 229.676 0.129084
  89 0.885 229.458 0.128961
  90 0.895 229.194 0.128813
  91 0.905 224.384 0.126109
  92 0.915 217.462 0.122219
  93 0.925 225.408 0.126685
  94 0.935 213.79 0.120155
  95 0.945 209.7 0.117857
  96 0.955 219.16 0.123173
  97 0.965 200.422 0.112642
  98 0.975 199.082 0.111889
  99 0.985 208.918 0.117417
  100 0.995 198.872 0.111771
30000 100 20999.999999999996
  1 0.005 197.088 0.110768
  2 0.015 203.14 0.11417
  3 0.025 202.372 0.113738
  4 0.035 192.93 0.108431
  5 0.045 198.894 0.111783
  6 0.055 195.026 0.109609
  7 0.065 189.742 0.10664
  8 0.075 189.086 0.106271
  9 0.085 191.052 0.107376
  10 0.095 183.364 0.103055
  11 0.105 182.808 0.102743
  12 0.115 185.078 0.104018
  13 0.125 187.516 0.105389
  14 0.135 180.1 0.101221
  15 0.145 183.94 0.103379
  16 0.155 184.518 0.103704
  17 0.165 180.91 0.101676
  18 0.175 175.576 0.0986781
  19 0.185 183.088 0.1029
  20 0.195 177.926 0.0999988
  21 0.205 179.366 0.100808
  22 0.215 175.578 0.0986792
  23 0.225 183.642 0.103211
  24 0.235 184.268 0.103563
  25 0.245 175.654 0.0987219
  26 0.255 186.064 0.104573
  27 0.265 185.632 0.10433
  28 0.275 177.012 0.0994851
  29 0.285 190.418 0.10702
  30 0.295 180.118 0.101231
  31 0.305 188.402 0.105887
  32 0.315 191.14 0.107425
  33 0.325 184.944 0.103943
  34 0.335 194.58 0.109359
  35 0.345 191.672 0.107724
  36 0.355 195.49 0.10987
  37 0.365 193.048 0.108498
  38 0.375 201.714 0.113368
  39 0.385 203.754 0.114515
  40 0.395 194.854 0.109513
  41 0.405 203.812 0.114547
  42 0.415 210.032 0.118043
  43 0.425 201.926 0.113487
  44 0.435 212.398 0.119373
  45 0.445 209.372 0.117672
  46 0.455 205.55 0.115524
  47 0.465 211.414 0.11882
  48 0.475 211.072 0.118628
  49 0.485 208.86 0.117385
  50 0.495 213.366 0.119917
  51 0.505 216.596 0.121732
  52 0.515 209.772 0.117897
  53 0.525 226.664 0.127391
  54 0.535 221.536 0.124509
  55 0.545 223.712 0.125732
  56 0.555 226.908 0.127528
  57 0.565 225.012 0.126462
  58 0.575 236.38 0.132851
  59 0.585 228.584 0.12847
  60 0.595 234.084 0.131561
  61 0.605 242.768 0.136442
  62 0.615 228.562 0.128458
  63 0.625 239.596 0.134659
  64 0.635 247.852 0.139299
  65 0.645 232.942 0.130919
  66 0.655 239.428 0.134564
  67 0.665 257.514 0.144729
  68 0.675 233.54 0.131255
  69 0.685 236.404 0.132865
  70 0.695 253.026 0.142207
  71 0.705 236.758 0.133064
  72 0.715 237.926 0.13372
  73 0.725 245.974 0.138244
  74 0.735 237.294 0.133365
  75 0.745 241.062 0.135483
  76 0.755 240.336 0.135075
  77 0.765 239.31 0.134498
  78 0.775 233.928 0.131473
  79 0.785 235.67 0.132452
  80 0.795 234.752 0.131936
  81 0.805 238.39 0.133981
  82 0.815 232.568 0.130709
  83 0.825 236.942 0.133167
  84 0.835 233.156 0.131039
  85 0.845 226.398 0.127241
  86 0.855 228.32 0.128322
  87 0.865 230.412 0.129497
  88 0.875 220.132 0.12372
  89 0.885 218.184 0.122625
  90 0.895 213.902 0.120218
  91 0.905 220.546 0.123952
  92 0.915 214.334 0.120461
  93 0.925 208.728 0.11731
  94 0.935 207.916 0.116854
  95 0.945 205.118 0.115281
  96 0.955 203.598 0.114427
  97 0.965 197.72 0.111124
  98 0.975 204.68 0.115035
  99 0.985 202.406 0.113757
  100 0.995 203.354 0.11429
40000 100 20999.999999999996
  1 0.005 193.986 0.109025
  2 0.015 198.11 0.111343
  3 0.025 200.17 0.112501
  4 0.035 201.568 0.113286
  5 0.045 194.822 0.109495
  6 0.055 196.928 0.110678
  7 0.065 199.812 0.112299
  8 0.075 198.21 0.111399
  9 0.085 195.366 0.109801
  10 0.095 197.194 0.110828
  11 0.105 197.322 0.1109
  12 0.115 195.296 0.109761
  13 0.125 195.826 0.110059
  14 0.135 192.406 0.108137
  15 0.145 194.324 0.109215
  16 0.155 197.902 0.111226
  17 0.165 189.942 0.106752
  18 0.175 194.958 0.109571
  19 0.185 193.284 0.10863
  20 0.195 193.396 0.108693
  21 0.205 189.796 0.10667
  22 0.215 190.984 0.107338
  23 0.225 192.382 0.108123
  24 0.235 195.484 0.109867
  25 0.245 189.58 0.106549
  26 0.255 187.634 0.105455
  27 0.265 188.432 0.105903
  28 0.275 190.072 0.106825
  29 0.285 187.474 0.105365
  30 0.295 191.77 0.10778
  31 0.305 188.664 0.106034
  32 0.315 189.722 0.106628
  33 0.325 197.944 0.111249
  34 0.335 191.202 0.10746
  35 0.345 191.208 0.107464
  36 0.355 193.462 0.10873
  37 0.365 200.198 0.112516
  38 0.375 190.722 0.107191
  39 0.385 192.918 0.108425
  40 0.395 206.668 0.116153
  41 0.405 199.156 0.111931
  42 0.415 199.13 0.111916
  43 0.425 208.326 0.117084
  44 0.435 213.334 0.119899
  45 0.445 205.518 0.115506
  46 0.455 206.532 0.116076
  47 0.465 217.442 0.122208
  48 0.475 211.278 0.118743
  49 0.485 209.786 0.117905
  50 0.495 220.368 0.123852
  51 0.505 213.8 0.120161
  52 0.515 211.484 0.118859
  53 0.525 222.798 0.125218
  54 0.535 217.932 0.122483
  55 0.545 211.508 0.118873
  56 0.555 221.202 0.124321
  57 0.565 222.388 0.124988
  58 0.575 216.64 0.121757
  59 0.585 229.064 0.12874
  60 0.595 225.382 0.12667
  61 0.605 225.818 0.126915
  62 0.615 228.972 0.128688
  63 0.625 226.812 0.127474
  64 0.635 226.266 0.127167
  65 0.645 234.718 0.131917
  66 0.655 227.162 0.127671
  67 0.665 232.772 0.130824
  68 0.675 227.138 0.127657
  69 0.685 234.956 0.132051
  70 0.695 227.892 0.128081
  71 0.705 231.472 0.130093
  72 0.715 236.572 0.132959
  73 0.725 232.292 0.130554
  74 0.735 225.934 0.126981
  75 0.745 232.87 0.130879
  76 0.755 230.13 0.129339
  77 0.765 231.224 0.129954
  78 0.775 229.91 0.129215
  79 0.785 230.378 0.129478
  80 0.795 229.026 0.128718
  81 0.805 232.868 0.130878
  82 0.815 228.744 0.12856
  83 0.825 228.832 0.128609
  84 0.835 226.118 0.127084
  85 0.845 229.078 0.128748
  86 0.855 221.296 0.124374
  87 0.865 221.91 0.124719
  88 0.875 221.426 0.124447
  89 0.885 213.346 0.119906
  90 0.895 217.948 0.122492
  91 0.905 219.67 0.12346
  92 0.915 210.604 0.118365
  93 0.925 217.3 0.122128
  94 0.935 211.972 0.119134
  95 0.945 208.98 0.117452
  96 0.955 212.834 0.119618
  97 0.965 210.808 0.118479
  98 0.975 204.652 0.11502
  99 0.985 203.088 0.114141
  100 0.995 206.006 0.11578
50000 100 21000.000000000015
  1 0.005 209.578 0.117788
  2 0.015 196.648 0.110521
  3 0.025 197.002 0.11072
  4 0.035 204.202 0.114767
  5 0.045 202.536 0.11383
  6 0.055 191.034 0.107366
  7 0.065 212.312 0.119325
  8 0.075 201.132 0.113041
  9 0.085 189.524 0.106517
  10 0.095 203.732 0.114502
  11 0.105 203.672 0.114469
  12 0.115 192.594 0.108243
  13 0.125 196.8 0.110606
  14 0.135 201.53 0.113265
  15 0.145 194.37 0.109241
  16 0.155 190.428 0.107025
  17 0.165 204.6 0.11499
  18 0.175 200.622 0.112755
  19 0.185 198.37 0.111489
  20 0.195 200.264 0.112553
  21 0.205 202.256 0.113673
  22 0.215 201.522 0.11326
  23 0.225 205.456 0.115471
  24 0.235 198.466 0.111543
  25 0.245 194.966 0.109576
  26 0.255 199.308 0.112016
  27 0.265 205.886 0.115713
  28 0.275 195.378 0.109807
  29 0.285 199.674 0.112222
  30 0.295 199.014 0.111851
  31 0.305 197.104 0.110777
  32 0.315 203.58 0.114417
  33 0.325 198.284 0.111441
  34 0.335 199.036 0.111863
  35 0.345 200.24 0.11254
  36 0.355 205.654 0.115583
  37 0.365 195.278 0.109751
  38 0.375 204.356 0.114853
  39 0.385 204.134 0.114728
  40 0.395 201.894 0.113469
  41 0.405 206.022 0.115789
  42 0.415 211.126 0.118658
  43 0.425 205.814 0.115673
  44 0.435 208.776 0.117337
  45 0.445 215.84 0.121307
  46 0.455 210.734 0.118438
  47 0.465 215.614 0.12118
  48 0.475 220.636 0.124003
  49 0.485 216.538 0.1217
  50 0.495 205.97 0.11576
  51 0.505 220.316 0.123823
  52 0.515 217.342 0.122152
  53 0.525 205.154 0.115302
  54 0.535 221.334 0.124395
  55 0.545 226.74 0.127434
  56 0.555 206.318 0.115956
  57 0.565 220.992 0.124203
  58 0.575 229.582 0.129031
  59 0.585 214.07 0.120313
  60 0.595 217.798 0.122408
  61 0.605 229.662 0.129076
  62 0.615 214.752 0.120696
  63 0.625 222.536 0.125071
  64 0.635 225.02 0.126467
  65 0.645 221.974 0.124755
  66 0.655 224.146 0.125976
  67 0.665 222.606 0.12511
  68 0.675 228.9 0.128647
  69 0.685 215.84 0.121307
  70 0.695 218.626 0.122873
  71 0.705 222.954 0.125306
  72 0.715 221.442 0.124456
  73 0.725 215.12 0.120903
  74 0.735 224.052 0.125923
  75 0.745 220.376 0.123857
  76 0.755 218.242 0.122657
  77 0.765 221.81 0.124663
  78 0.775 221.266 0.124357
  79 0.785 218.852 0.123
  80 0.795 222.89 0.12527
  81 0.805 219.792 0.123529
  82 0.815 223.146 0.125414
  83 0.825 216.75 0.121819
  84 0.835 224.32 0.126073
  85 0.845 223.336 0.12552
  86 0.855 211.272 0.11874
  87 0.865 222.596 0.125104
  88 0.875 216.88 0.121892
  89 0.885 210.48 0.118295
  90 0.895 214.262 0.120421
  91 0.905 210.95 0.118559
  92 0.915 212.104 0.119208
  93 0.925 210.904 0.118533
  94 0.935 211.456 0.118844
  95 0.945 208.116 0.116966
  96 0.955 206.276 0.115932
  97 0.965 212.098 0.119204
  98 0.975 206.142 0.115857
  99 0.985 201.896 0.113471
  100 0.995 207.006 0.116343
60000 100 21000.00000000001
  1 0.005 206.498 0.116057
  2 0.015 209.626 0.117815
  3 0.025 211.796 0.119035
  4 0.035 209.9 0.117969
  5 0.045 203.002 0.114092
  6 0.055 209.842 0.117936
  7 0.065 204.888 0.115152
  8 0.075 208.072 0.116942
  9 0.085 208.806 0.117354
  10 0.095 201.248 0.113106
  11 0.105 206.528 0.116074
  12 0.115 205.924 0.115734
  13 0.125 203.608 0.114433
  14 0.135 205.674 0.115594
  15 0.145 208.246 0.117039
  16 0.155 201.2 0.113079
  17 0.165 206.586 0.116106
  18 0.175 202.088 0.113578
  19 0.185 201.89 0.113467
  20 0.195 204.398 0.114877
  21 0.205 208.622 0.117251
  22 0.215 201.312 0.113142
  23 0.225 201.718 0.113371
  24 0.235 203.84 0.114563
  25 0.245 202.28 0.113686
  26 0.255 202.712 0.113929
  27 0.265 201.384 0.113183
  28 0.275 200.288 0.112567
  29 0.285 196.878 0.11065
  30 0.295 196.468 0.11042
  31 0.305 201.958 0.113505
  32 0.315 192.296 0.108075
  33 0.325 200.592 0.112738
  34 0.335 200.834 0.112874
  35 0.345 196.6 0.110494
  36 0.355 204.17 0.114749
  37 0.365 200.604 0.112744
  38 0.375 200.102 0.112462
  39 0.385 211.812 0.119044
  40 0.395 209.822 0.117925
  41 0.405 207.752 0.116762
  42 0.415 209.712 0.117863
  43 0.425 220.924 0.124165
  44 0.435 209.944 0.117994
  45 0.445 211.024 0.118601
  46 0.455 212.856 0.11963
  47 0.465 213.656 0.12008
  48 0.475 214.928 0.120795
  49 0.485 215.304 0.121006
  50 0.495 220.324 0.123828
  51 0.505 212.624 0.1195
  52 0.515 215.138 0.120913
  53 0.525 213.384 0.119927
  54 0.535 222.706 0.125166
  55 0.545 216.028 0.121413
  56 0.555 219.54 0.123387
  57 0.565 213.07 0.119751
  58 0.575 215.114 0.120899
  59 0.585 221.048 0.124234
  60 0.595 222.806 0.125223
  61 0.605 219.344 0.123277
  62 0.615 216.918 0.121913
  63 0.625 219.108 0.123144
  64 0.635 216.632 0.121753
  65 0.645 217.258 0.122104
  66 0.655 218.092 0.122573
  67 0.665 217.958 0.122498
  68 0.675 211.19 0.118694
  69 0.685 216.566 0.121715
  70 0.695 213.082 0.119757
  71 0.705 221.984 0.124761
  72 0.715 209.982 0.118015
  73 0.725 219.452 0.123337
  74 0.735 214.558 0.120587
  75 0.745 219.84 0.123556
  76 0.755 221.008 0.124212
  77 0.765 211.87 0.119076
  78 0.775 216.876 0.12189
  79 0.785 220.212 0.123765
  80 0.795 211.262 0.118734
  81 0.805 216.04 0.12142
  82 0.815 221.678 0.124589
  83 0.825 210.93 0.118548
  84 0.835 211.912 0.1191
  85 0.845 218.736 0.122935
  86 0.855 213.932 0.120235
  87 0.865 204.142 0.114733
  88 0.875 212.248 0.119289
  89 0.885 219.366 0.123289
  90 0.895 203.602 0.114429
  91 0.905 205.436 0.11546
  92 0.915 212.116 0.119214
  93 0.925 202.06 0.113563
  94 0.935 209.188 0.117569
  95 0.945 204.26 0.114799
  96 0.955 209.49 0.117739
  97 0.965 208.662 0.117273
  98 0.975 203.162 0.114182
  99 0.985 208.918 0.117417
  100 0.995 208.936 0.117427
70000 100 21000
  1 0.005 213.05 0.119739
  2 0.015 208.74 0.117317
  3 0.025 204.398 0.114877
  4 0.035 209.448 0.117715
  5 0.045 208.586 0.117231
  6 0.055 199.05 0.111871
  7 0.065 198.99 0.111837
  8 0.075 204.696 0.115044
  9 0.085 193.924 0.10899
  10 0.095 203.982 0.114643
  11 0.105 200.558 0.112719
  12 0.115 196.352 0.110355
  13 0.125 197.434 0.110963
  14 0.135 202.74 0.113945
  15 0.145 199.624 0.112194
  16 0.155 201.026 0.112982
  17 0.165 210.068 0.118063
  18 0.175 201.348 0.113163
  19 0.185 200.976 0.112954
  20 0.195 204.172 0.11475
  21 0.205 204.6 0.11499
  22 0.215 204.34 0.114844
  23 0.225 201.884 0.113464
  24 0.235 203.736 0.114505
  25 0.245 202.226 0.113656
  26 0.255 199.014 0.111851
  27 0.265 208.828 0.117367
  28 0.275 197.242 0.110855
  29 0.285 200.17 0.112501
  30 0.295 209.116 0.117528
  31 0.305 202.712 0.113929
  32 0.315 201.076 0.11301
  33 0.325 205.286 0.115376
  34 0.335 211.468 0.11885
  35 0.345 206.338 0.115967
  36 0.355 211.774 0.119022
  37 0.365 215.028 0.120851
  38 0.375 207.744 0.116757
  39 0.385 214.234 0.120405
  40 0.395 213.238 0.119845
  41 0.405 208.792 0.117346
  42 0.415 212.648 0.119513
  43 0.425 211.782 0.119027
  44 0.435 211.198 0.118699
  45 0.445 213.906 0.12022
  46 0.455 223.54 0.125635
  47 0.465 209.478 0.117732
  48 0.475 220.66 0.124016
  49 0.485 214.564 0.12059
  50 0.495 212.918 0.119665
  51 0.505 218.88 0.123016
  52 0.515 214.556 0.120586
  53 0.525 216.25 0.121538
  54 0.535 214.22 0.120397
  55 0.545 223.56 0.125646
  56 0.555 214.012 0.12028
  57 0.565 215.982 0.121387
  58 0.575 222.658 0.125139
  59 0.585 213.072 0.119752
  60 0.595 215.972 0.121382
  61 0.605 217.436 0.122204
  62 0.615 209.674 0.117842
  63 0.625 216.27 0.121549
  64 0.635 215.214 0.120956
  65 0.645 207.738 0.116754
  66 0.655 208.688 0.117288
  67 0.665 218.05 0.12255
  68 0.675 208.054 0.116932
  69 0.685 203.736 0.114505
  70 0.695 214.526 0.120569
  71 0.705 217.706 0.122356
  72 0.715 207.69 0.116727
  73 0.725 217.362 0.122163
  74 0.735 218.408 0.122751
  75 0.745 213.358 0.119912
  76 0.755 208.406 0.117129
  77 0.765 213.484 0.119983
  78 0.775 213.114 0.119775
  79 0.785 214.334 0.120461
  80 0.795 213.754 0.120135
  81 0.805 217.928 0.122481
  82 0.815 215.81 0.121291
  83 0.825 213.798 0.12016
  84 0.835 214.144 0.120354
  85 0.845 216.572 0.121719
  86 0.855 208.392 0.117121
  87 0.865 212.938 0.119676
  88 0.875 220.488 0.12392
  89 0.885 205.762 0.115643
  90 0.895 212.586 0.119479
  91 0.905 215.728 0.121244
  92 0.915 207.52 0.116631
  93 0.925 214.9 0.120779
  94 0.935 214.076 0.120316
  95 0.945 208.106 0.116961
  96 0.955 212.448 0.119401
  97 0.965 211.11 0.118649
  98 0.975 209.262 0.11761
  99 0.985 214.962 0.120814
  100 0.995 208.604 0.117241
80000 100 20999.999999999996
  1 0.005 207.708 0.116737
  2 0.015 209.246 0.117601
  3 0.025 202.924 0.114048
  4 0.035 209.428 0.117704
  5 0.045 206.06 0.115811
  6 0.055 201.204 0.113082
  7 0.065 205.78 0.115653
  8 0.075 212.268 0.1193
  9 0.085 193.826 0.108935
  10 0.095 206.98 0.116328
  11 0.105 208.402 0.117127
  12 0.115 195.622 0.109944
  13 0.125 200.286 0.112566
  14 0.135 204.922 0.115171
  15 0.145 198.174 0.111379
  16 0.155 204.18 0.114754
  17 0.165 205.264 0.115363
  18 0.175 202.528 0.113826
  19 0.185 203.018 0.114101
  20 0.195 208.842 0.117374
  21 0.205 201.11 0.113029
  22 0.215 200.962 0.112946
  23 0.225 207.662 0.116711
  24 0.235 210.912 0.118538
  25 0.245 203.882 0.114587
  26 0.255 210.458 0.118283
  27 0.265 209.118 0.11753
  28 0.275 206.512 0.116065
  29 0.285 208.066 0.116938
  30 0.295 203.526 0.114387
  31 0.305 212.18 0.11925
  32 0.315 205.246 0.115353
  33 0.325 209.314 0.11764
  34 0.335 207.886 0.116837
  35 0.345 204.148 0.114736
  36 0.355 211.974 0.119135
  37 0.365 210.432 0.118268
  38 0.375 207.95 0.116873
  39 0.385 215.474 0.121102
  40 0.395 210.854 0.118505
  41 0.405 210.956 0.118563
  42 0.415 219.536 0.123385
  43 0.425 213.322 0.119892
  44 0.435 210.392 0.118246
  45 0.445 215.866 0.121322
  46 0.455 217.162 0.12205
  47 0.465 209.034 0.117482
  48 0.475 215.02 0.120847
  49 0.485 207.978 0.116889
  50 0.495 213.548 0.120019
  51 0.505 209.564 0.11778
  52 0.515 213.646 0.120074
  53 0.525 216.978 0.121947
  54 0.535 216.852 0.121876
  55 0.545 212.472 0.119415
  56 0.555 217.2 0.122072
  57 0.565 215.262 0.120983
  58 0.575 207.726 0.116747
  59 0.585 214.092 0.120325
  60 0.595 214.128 0.120345
  61 0.605 209.272 0.117616
  62 0.615 208.366 0.117107
  63 0.625 213.544 0.120017
  64 0.635 212.398 0.119373
  65 0.645 218.764 0.122951
  66 0.655 213.23 0.119841
  67 0.665 215.208 0.120952
  68 0.675 214.438 0.120519
  69 0.685 211.94 0.119116
  70 0.695 216.28 0.121555
  71 0.705 212.864 0.119635
  72 0.715 217.254 0.122102
  73 0.725 216.996 0.121957
  74 0.735 217.076 0.122002
  75 0.745 211.65 0.118953
  76 0.755 214.72 0.120678
  77 0.765 222.452 0.125024
  78 0.775 210.906 0.118534
  79 0.785 212.912 0.119662
  80 0.795 214.684 0.120658
  81 0.805 210.176 0.118124
  82 0.815 210.094 0.118078
  83 0.825 205.96 0.115755
  84 0.835 208.944 0.117432
  85 0.845 214.444 0.120523
  86 0.855 207.254 0.116482
  87 0.865 213.074 0.119753
  88 0.875 204.62 0.115002
  89 0.885 210.6 0.118362
  90 0.895 209.834 0.117932
  91 0.905 209.806 0.117916
  92 0.915 212.34 0.11934
  93 0.925 212.208 0.119266
  94 0.935 209.76 0.11789
  95 0.945 213.3 0.11988
  96 0.955 214.502 0.120555
  97 0.965 207.048 0.116366
  98 0.975 209.644 0.117825
  99 0.985 210.978 0.118575
  100 0.995 205.398 0.115439
90000 100 21000.000000000004
  1 0.005 204.71 0.115052
  2 0.015 209.9 0.117969
  3 0.025 211.798 0.119036
  4 0.035 202.388 0.113747
  5 0.045 207.314 0.116516
  6 0.055 203.906 0.1146
  7 0.065 205.838 0.115686
  8 0.075 206.274 0.115931
  9 0.085 205.506 0.115499
  10 0.095 207.592 0.116672
  11 0.105 204.672 0.115031
  12 0.115 208.946 0.117433
  13 0.125 206.794 0.116223
  14 0.135 203.05 0.114119
  15 0.145 210.2 0.118138
  16 0.155 214.494 0.120551
  17 0.165 202.924 0.114048
  18 0.175 211.264 0.118736
  19 0.185 218.188 0.122627
  20 0.195 203.632 0.114446
  21 0.205 207.15 0.116423
  22 0.215 217.912 0.122472
  23 0.225 203.974 0.114638
  24 0.235 205.952 0.11575
  25 0.245 219.528 0.12338
  26 0.255 213.77 0.120144
  27 0.265 208.584 0.117229
  28 0.275 212.908 0.11966
  29 0.285 213.834 0.12018
  30 0.295 208.234 0.117033
  31 0.305 206.064 0.115813
  32 0.315 209.568 0.117782
  33 0.325 208.086 0.11695
  34 0.335 208.916 0.117416
  35 0.345 211.892 0.119089
  36 0.355 206.854 0.116257
  37 0.365 203.63 0.114445
  38 0.375 213.448 0.119963
  39 0.385 209.838 0.117934
  40 0.395 204.32 0.114833
  41 0.405 212.518 0.11944
  42 0.415 212.34 0.11934
  43 0.425 204.598 0.114989
  44 0.435 211.428 0.118828
  45 0.445 211.34 0.118778
  46 0.455 212.824 0.119612
  47 0.465 209.086 0.117512
  48 0.475 211.432 0.11883
  49 0.485 214.9 0.120779
  50 0.495 213.49 0.119987
  51 0.505 208.258 0.117046
  52 0.515 215.73 0.121246
  53 0.525 213.434 0.119955
  54 0.535 218.484 0.122793
  55 0.545 215.484 0.121107
  56 0.555 215.808 0.121289
  57 0.565 216.152 0.121483
  58 0.575 216.99 0.121954
  59 0.585 214.794 0.12072
  60 0.595 212.646 0.119512
  61 0.605 221.89 0.124708
  62 0.615 212.462 0.119409
  63 0.625 216.51 0.121684
  64 0.635 212.458 0.119407
  65 0.645 210.272 0.118178
  66 0.655 216.07 0.121437
  67 0.665 212.99 0.119706
  68 0.675 208.976 0.11745
  69 0.685 219.94 0.123612
  70 0.695 209.774 0.117898
  71 0.705 214.482 0.120544
  72 0.715 215.332 0.121022
  73 0.725 214.758 0.120699
  74 0.735 208.404 0.117128
  75 0.745 208.042 0.116925
  76 0.755 212.352 0.119347
  77 0.765 208.736 0.117315
  78 0.775 204.554 0.114964
  79 0.785 206.856 0.116258
  80 0.795 208.768 0.117333
  81 0.805 201.544 0.113273
  82 0.815 202.818 0.113989
  83 0.825 210.564 0.118342
  84 0.835 199.324 0.112025
  85 0.845 205.252 0.115357
  86 0.855 210.762 0.118453
  87 0.865 205.586 0.115544
  88 0.875 211.1 0.118643
  89 0.885 204.038 0.114674
  90 0.895 208.016 0.11691
  91 0.905 215.534 0.121135
  92 0.915 207.532 0.116638
  93 0.925 206.534 0.116077
  94 0.935 208.75 0.117323
  95 0.945 215.328 0.12102
  96 0.955 203.468 0.114354
  97 0.965 210.262 0.118172
  98 0.975 207.56 0.116654
  99 0.985 205.83 0.115682
  100 0.995 210.984 0.118578
100000 100 21000
  1 0.005 212.464 0.11941
  2 0.015 207.682 0.116722
  3 0.025 201.486 0.11324
  4 0.035 216.462 0.121657
  5 0.045 204.944 0.115184
  6 0.055 211.79 0.119031
  7 0.065 213.318 0.11989
  8 0.075 207.818 0.116799
  9 0.085 209.992 0.118021
  10 0.095 214.216 0.120395
  11 0.105 213.256 0.119855
  12 0.115 201.866 0.113454
  13 0.125 217.072 0.122
  14 0.135 215.17 0.120931
  15 0.145 207.602 0.116677
  16 0.155 213.658 0.120081
  17 0.165 212.318 0.119328
  18 0.175 206.768 0.116209
  19 0.185 217.416 0.122193
  20 0.195 212.266 0.119299
  21 0.205 214.952 0.120808
  22 0.215 212.998 0.11971
  23 0.225 210.312 0.118201
  24 0.235 211.752 0.11901
  25 0.245 209.012 0.11747
  26 0.255 212.764 0.119579
  27 0.265 207.994 0.116898
  28 0.275 210.738 0.11844
  29 0.285 211.548 0.118895
  30 0.295 208.396 0.117124
  31 0.305 212.082 0.119195
  32 0.315 206.788 0.11622
  33 0.325 209.028 0.117479
  34 0.335 210.76 0.118452
  35 0.345 214.716 0.120676
  36 0.355 211.598 0.118923
  37 0.365 208.752 0.117324
  38 0.375 210.466 0.118287
  39 0.385 213.212 0.11983
  40 0.395 208.658 0.117271
  41 0.405 208.876 0.117394
  42 0.415 213.758 0.120137
  43 0.425 208.706 0.117298
  44 0.435 210.806 0.118478
  45 0.445 211.372 0.118796
  46 0.455 210.334 0.118213
  47 0.465 214.48 0.120543
  48 0.475 217.304 0.12213
  49 0.485 203.622 0.114441
  50 0.495 214.118 0.12034
  51 0.505 213.518 0.120002
  52 0.515 214.902 0.12078
  53 0.525 215.07 0.120875
  54 0.535 218.936 0.123047
  55 0.545 221.05 0.124236
  56 0.555 211.186 0.118692
  57 0.565 210.49 0.118301
  58 0.575 218.772 0.122955
  59 0.585 207.504 0.116622
  60 0.595 209.71 0.117862
  61 0.605 215.692 0.121224
  62 0.615 214.196 0.120383
  63 0.625 214.312 0.120449
  64 0.635 211.762 0.119016
  65 0.645 214.494 0.120551
  66 0.655 212.342 0.119341
  67 0.665 212.198 0.119261
  68 0.675 217.646 0.122322
  69 0.685 204.872 0.115143
  70 0.695 212.27 0.119301
  71 0.705 208.37 0.117109
  72 0.715 209.152 0.117549
  73 0.725 209.53 0.117761
  74 0.735 205.662 0.115587
  75 0.745 205.334 0.115403
  76 0.755 209.308 0.117636
  77 0.765 205.954 0.115751
  78 0.775 202.826 0.113993
  79 0.785 205.518 0.115506
  80 0.795 205.584 0.115543
  81 0.805 199.166 0.111936
  82 0.815 203.816 0.11455
  83 0.825 204.81 0.115108
  84 0.835 200.372 0.112614
  85 0.845 202.03 0.113546
  86 0.855 210.608 0.118367
  87 0.865 202.726 0.113937
  88 0.875 208.364 0.117106
  89 0.885 215.374 0.121046
  90 0.895 202.748 0.113949
  91 0.905 206.216 0.115899
  92 0.915 210.556 0.118338
  93 0.925 199.22 0.111967
  94 0.935 209.264 0.117612
  95 0.945 209.862 0.117948
  96 0.955 203.39 0.11431
  97 0.965 205.37 0.115423
  98 0.975 212.068 0.119187
  99 0.985 204.08 0.114698
  100 0.995 204.334 0.114841
110000 100 20999.99999999999
  1 0.005 208.04 0.116924
  2 0.015 208.256 0.117045
  3 0.025 217.674 0.122338
  4 0.035 208.03 0.116918
  5 0.045 206.98 0.116328
  6 0.055 214.494 0.120551
  7 0.065 206.834 0.116246
  8 0.075 206.412 0.116009
  9 0.085 211.786 0.119029
  10 0.095 208.7 0.117295
  11 0.105 210.002 0.118026
  12 0.115 213.244 0.119848
  13 0.125 215.992 0.121393
  14 0.135 210.23 0.118154
  15 0.145 215.886 0.121333
  16 0.155 207.516 0.116629
  17 0.165 209.948 0.117996
  18 0.175 214.908 0.120784
  19 0.185 209.98 0.118014
  20 0.195 209.578 0.117788
  21 0.205 215.834 0.121304
  22 0.215 212.984 0.119702
  23 0.225 217.414 0.122192
  24 0.235 211.698 0.11898
  25 0.245 212.904 0.119657
  26 0.255 212.054 0.11918
  27 0.265 208.384 0.117117
  28 0.275 216.198 0.121509
  29 0.285 210.744 0.118443
  30 0.295 211.47 0.118851
  31 0.305 210.386 0.118242
  32 0.315 217.218 0.122082
  33 0.325 210.344 0.118219
  34 0.335 213.892 0.120213
  35 0.345 210.054 0.118056
  36 0.355 214.744 0.120691
  37 0.365 205.14 0.115294
  38 0.375 215.234 0.120967
  39 0.385 213.738 0.120126
  40 0.395 205.556 0.115528
  41 0.405 216.782 0.121837
  42 0.415 208.752 0.117324
  43 0.425 208.394 0.117123
  44 0.435 214.85 0.120751
  45 0.445 210.51 0.118312
  46 0.455 209.71 0.117862
  47 0.465 205.832 0.115683
  48 0.475 221.212 0.124327
  49 0.485 201.312 0.113142
  50 0.495 206.244 0.115914
  51 0.505 211.39 0.118806
  52 0.515 208.682 0.117284
  53 0.525 210.276 0.11818
  54 0.535 210.81 0.11848
  55 0.545 213.66 0.120082
  56 0.555 201.19 0.113074
  57 0.565 214.01 0.120279
  58 0.575 217.288 0.122121
  59 0.585 202.202 0.113643
  60 0.595 208.03 0.116918
  61 0.605 213.212 0.11983
  62 0.615 206.85 0.116255
  63 0.625 205.48 0.115485
  64 0.635 205.282 0.115374
  65 0.645 215.446 0.121086
  66 0.655 202.79 0.113973
  67 0.665 211.702 0.118982
  68 0.675 208.644 0.117263
  69 0.685 208.264 0.11705
  70 0.695 213.568 0.120031
  71 0.705 209.344 0.117657
  72 0.715 209.826 0.117927
  73 0.725 206.926 0.116298
  74 0.735 211.572 0.118909
  75 0.745 209.722 0.117869
  76 0.755 209 0.117463
  77 0.765 212.802 0.1196
  78 0.775 210.082 0.118071
  79 0.785 204.652 0.11502
  80 0.795 201.402 0.113193
  81 0.805 211.688 0.118974
  82 0.815 204.354 0.114852
  83 0.825 198.034 0.1113
  84 0.835 206.872 0.116267
  85 0.845 206.682 0.11616
  86 0.855 198.424 0.111519
  87 0.865 206.018 0.115787
  88 0.875 208.86 0.117385
  89 0.885 202.32 0.113709
  90 0.895 206.722 0.116183
  91 0.905 214.418 0.120508
  92 0.915 204.118 0.114719
  93 0.925 214.566 0.120591
  94 0.935 211.428 0.118828
  95 0.945 208.846 0.117377
  96 0.955 210.242 0.118161
  97 0.965 212.498 0.119429
  98 0.975 208.792 0.117346
  99 0.985 208.264 0.11705
  100 0.995 218.672 0.122899
120000 100 20999.999999999996
  1 0.005 208.888 0.1174
  2 0.015 208.904 0.117409
  3 0.025 207.928 0.116861
  4 0.035 214.246 0.120412
  5 0.045 216.804 0.121849
  6 0.055 210.264 0.118174
  7 0.065 213.222 0.119836
  8 0.075 221.756 0.124632
  9 0.085 216.362 0.121601
  10 0.095 212.43 0.119391
  11 0.105 213.01 0.119717
  12 0.115 220.388 0.123864
  13 0.125 211.148 0.11867
  14 0.135 212.25 0.11929
  15 0.145 217.104 0.122018
  16 0.155 214.78 0.120712
  17 0.165 206.586 0.116106
  18 0.175 216.986 0.121952
  19 0.185 209.262 0.11761
  20 0.195 205.986 0.115769
  21 0.205 212.278 0.119306
  22 0.215 207.28 0.116497
  23 0.225 214.562 0.120589
  24 0.235 206.73 0.116187
  25 0.245 209.03 0.11748
  26 0.255 218.564 0.122838
  27 0.265 207.19 0.116446
  28 0.275 202.792 0.113974
  29 0.285 217.976 0.122508
  30 0.295 209.582 0.11779
  31 0.305 213.91 0.120223
  32 0.315 218.038 0.122543
  33 0.325 212.654 0.119517
  34 0.335 209.122 0.117532
  35 0.345 219.132 0.123158
  36 0.355 216.454 0.121653
  37 0.365 204.494 0.114931
  38 0.375 212.64 0.119509
  39 0.385 215.186 0.12094
  40 0.395 200.828 0.11287
  41 0.405 207.918 0.116855
  42 0.415 210.168 0.11812
  43 0.425 201.78 0.113405
  44 0.435 206.556 0.11609
  45 0.445 209.348 0.117659
  46 0.455 198.608 0.111623
  47 0.465 204.654 0.115021
  48 0.475 208.314 0.117078
  49 0.485 200.446 0.112656
  50 0.495 206.584 0.116105
  51 0.505 210.592 0.118358
  52 0.515 200.766 0.112835
  53 0.525 206.36 0.115979
  54 0.535 210.534 0.118325
  55 0.545 197.446 0.11097
  56 0.555 199.304 0.112014
  57 0.565 218.85 0.122999
  58 0.575 203.206 0.114207
  59 0.585 205.216 0.115336
  60 0.595 211.93 0.11911
  61 0.605 207.818 0.116799
  62 0.615 208.08 0.116946
  63 0.625 212.65 0.119515
  64 0.635 211.246 0.118726
  65 0.645 212.886 0.119647
  66 0.655 211.518 0.118878
  67 0.665 213.618 0.120059
  68 0.675 209.44 0.11771
  69 0.685 204.952 0.115188
  70 0.695 215.42 0.121071
  71 0.705 208.83 0.117368
  72 0.715 213.666 0.120086
  73 0.725 211.33 0.118773
  74 0.735 206.03 0.115794
  75 0.745 214.944 0.120804
  76 0.755 212.376 0.119361
  77 0.765 209.076 0.117506
  78 0.775 211.43 0.118829
  79 0.785 203.406 0.114319
  80 0.795 213.966 0.120254
  81 0.805 208.67 0.117278
  82 0.815 203.268 0.114242
  83 0.825 206.604 0.116117
  84 0.835 207.842 0.116812
  85 0.845 205.356 0.115415
  86 0.855 210.54 0.118329
  87 0.865 213.38 0.119925
  88 0.875 203.764 0.11452
  89 0.885 208.802 0.117352
  90 0.895 214.62 0.120622
  91 0.905 203.078 0.114135
  92 0.915 215.102 0.120893
  93 0.925 213.494 0.119989
  94 0.935 210.956 0.118563
  95 0.945 209.776 0.117899
  96 0.955 212.994 0.119708
  97 0.965 208.088 0.116951
  98 0.975 211.682 0.118971
  99 0.985 204.606 0.114994
  100 0.995 209.37 0.117671
130000 100 21000.000000000004
  1 0.005 217.828 0.122425
  2 0.015 210.99 0.118582
  3 0.025 214.296 0.12044
  4 0.035 214.674 0.120652
  5 0.045 212.13 0.119222
  6 0.055 211.628 0.11894
  7 0.065 216.644 0.121759
  8 0.075 212.456 0.119406
  9 0.085 212.958 0.119688
  10 0.095 217.586 0.122289
  11 0.105 211.496 0.118866
  12 0.115 222.744 0.125188
  13 0.125 206.836 0.116247
  14 0.135 217.148 0.122043
  15 0.145 216.866 0.121884
  16 0.155 217.472 0.122225
  17 0.165 205.086 0.115263
  18 0.175 219.122 0.123152
  19 0.185 215.878 0.121329
  20 0.195 205.26 0.115361
  21 0.205 215.14 0.120914
  22 0.215 213.256 0.119855
  23 0.225 210.594 0.118359
  24 0.235 209.652 0.11783
  25 0.245 215.384 0.121051
  26 0.255 201.13 0.11304
  27 0.265 211.636 0.118945
  28 0.275 218.494 0.122799
  29 0.285 202.232 0.113659
  30 0.295 212.726 0.119557
  31 0.305 217.664 0.122333
  32 0.315 211.256 0.118731
  33 0.325 211.776 0.119023
  34 0.335 214.194 0.120382
  35 0.345 205.448 0.115467
  36 0.355 207.626 0.116691
  37 0.365 211.176 0.118686
  38 0.375 202.252 0.113671
  39 0.385 205.394 0.115437
  40 0.395 214.974 0.120821
  41 0.405 203.976 0.11464
  42 0.415 206.842 0.11625
  43 0.425 212.496 0.119428
  44 0.435 204.348 0.114849
  45 0.445 201.606 0.113308
  46 0.455 214.76 0.1207
  47 0.465 205.596 0.11555
  48 0.475 207.234 0.116471
  49 0.485 207.884 0.116836
  50 0.495 210.24 0.11816
  51 0.505 208.678 0.117282
  52 0.515 211.642 0.118948
  53 0.525 206.028 0.115793
  54 0.535 207.284 0.116499
  55 0.545 209.352 0.117661
  56 0.555 205.638 0.115574
  57 0.565 213.254 0.119854
  58 0.575 207.614 0.116684
  59 0.585 204.658 0.115023
  60 0.595 209.766 0.117894
  61 0.605 211.946 0.119119
  62 0.615 204.928 0.115175
  63 0.625 206.01 0.115783
  64 0.635 214.138 0.120351
  65 0.645 204.274 0.114807
  66 0.655 206.63 0.116131
  67 0.665 211.948 0.11912
  68 0.675 211.7 0.118981
  69 0.685 203.208 0.114208
  70 0.695 214.294 0.120439
  71 0.705 212.628 0.119502
  72 0.715 206.196 0.115887
  73 0.725 205.864 0.115701
  74 0.735 211.894 0.11909
  75 0.745 202.778 0.113966
  76 0.755 203.258 0.114236
  77 0.765 204.95 0.115187
  78 0.775 206.394 0.115999
  79 0.785 203.744 0.114509
  80 0.795 210.484 0.118297
  81 0.805 205.996 0.115775
  82 0.815 203.604 0.114431
  83 0.825 208.098 0.116956
  84 0.835 209.102 0.117521
  85 0.845 202.244 0.113666
  86 0.855 212.446 0.1194
  87 0.865 208.09 0.116952
  88 0.875 207.846 0.116815
  89 0.885 209.908 0.117974
  90 0.895 205.532 0.115514
  91 0.905 209.108 0.117524
  92 0.915 213.34 0.119902
  93 0.925 211.294 0.118752
  94 0.935 204.5 0.114934
  95 0.945 215.508 0.121121
  96 0.955 215.5 0.121116
  97 0.965 212.192 0.119257
  98 0.975 216.236 0.12153
  99 0.985 211.906 0.119096
  100 0.995 210.286 0.118186
140000 100 20999.999999999996
  1 0.005 214.008 0.120278
  2 0.015 219.676 0.123463
  3 0.025 210.732 0.118437
  4 0.035 206.444 0.116027
  5 0.045 216.522 0.121691
  6 0.055 208.156 0.116989
  7 0.065 205.462 0.115475
  8 0.075 218.092 0.122573
  9 0.085 213.006 0.119715
  10 0.095 209.934 0.117988
  11 0.105 211.502 0.118869
  12 0.115 220.304 0.123816
  13 0.125 210.252 0.118167
  14 0.135 215.93 0.121358
  15 0.145 221.618 0.124555
  16 0.155 205.808 0.115669
  17 0.165 213.534 0.120011
  18 0.175 217.644 0.122321
  19 0.185 213.212 0.11983
  20 0.195 214.642 0.120634
  21 0.205 213.764 0.120141
  22 0.215 217.158 0.122048
  23 0.225 213.736 0.120125
  24 0.235 211.238 0.118721
  25 0.245 213.498 0.119991
  26 0.255 217.236 0.122092
  27 0.265 207.584 0.116667
  28 0.275 213.964 0.120253
  29 0.285 211.164 0.118679
  30 0.295 207.944 0.11687
  31 0.305 208.604 0.117241
  32 0.315 210.268 0.118176
  33 0.325 210.522 0.118319
  34 0.335 208.98 0.117452
  35 0.345 209.804 0.117915
  36 0.355 207.748 0.11676
  37 0.365 208.902 0.117408
  38 0.375 206.672 0.116155
  39 0.385 211.002 0.118588
  40 0.395 205.934 0.11574
  41 0.405 206.714 0.116178
  42 0.415 213.5 0.119992
  43 0.425 210.156 0.118113
  44 0.435 209.088 0.117513
  45 0.445 206.664 0.11615
  46 0.455 207.626 0.116691
  47 0.465 206.502 0.116059
  48 0.475 210.496 0.118304
  49 0.485 206.55 0.116086
  50 0.495 213.804 0.120163
  51 0.505 210.258 0.11817
  52 0.515 206.106 0.115837
  53 0.525 207.864 0.116825
  54 0.535 210.232 0.118156
  55 0.545 206.584 0.116105
  56 0.555 200.354 0.112604
  57 0.565 212.722 0.119555
  58 0.575 199.044 0.111868
  59 0.585 202.22 0.113653
  60 0.595 208.412 0.117133
  61 0.605 207.848 0.116816
  62 0.615 208.292 0.117065
  63 0.625 197.514 0.111008
  64 0.635 206.686 0.116163
  65 0.645 209.17 0.117559
  66 0.655 207.73 0.116749
  67 0.665 208.764 0.117331
  68 0.675 199.868 0.112331
  69 0.685 202.734 0.113942
  70 0.695 206.664 0.11615
  71 0.705 201.804 0.113419
  72 0.715 202.576 0.113853
  73 0.725 201.988 0.113522
  74 0.735 205.068 0.115253
  75 0.745 208.06 0.116935
  76 0.755 209.05 0.117491
  77 0.765 210.416 0.118259
  78 0.775 214.134 0.120349
  79 0.785 211.608 0.118929
  80 0.795 210.418 0.11826
  81 0.805 205.382 0.11543
  82 0.815 218.574 0.122844
  83 0.825 207.898 0.116844
  84 0.835 209.032 0.117481
  85 0.845 218.508 0.122807
  86 0.855 208.072 0.116942
  87 0.865 209.784 0.117904
  88 0.875 216.85 0.121875
  89 0.885 210.494 0.118303
  90 0.895 215.928 0.121357
  91 0.905 218.342 0.122714
  92 0.915 209.944 0.117994
  93 0.925 209.614 0.117808
  94 0.935 214.726 0.120681
  95 0.945 209.49 0.117739
  96 0.955 205.576 0.115539
  97 0.965 214.64 0.120633
  98 0.975 210.462 0.118285
  99 0.985 209.62 0.117812
  100 0.995 209.576 0.117787
150000 100 20999.999999999996
  1 0.005 210.454 0.11828
  2 0.015 211.322 0.118768
  3 0.025 209.692 0.117852
  4 0.035 214.024 0.120287
  5 0.045 214.582 0.1206
  6 0.055 209.488 0.117737
  7 0.065 211.558 0.118901
  8 0.075 211.402 0.118813
  9 0.085 210.18 0.118126
  10 0.095 207.144 0.11642
  11 0.105 214.814 0.120731
  12 0.115 210.55 0.118334
  13 0.125 213.252 0.119853
  14 0.135 211.664 0.11896
  15 0.145 210.738 0.11844
  16 0.155 211.428 0.118828
  17 0.165 211.176 0.118686
  18 0.175 212.644 0.119511
  19 0.185 204.162 0.114744
  20 0.195 208.554 0.117213
  21 0.205 213.562 0.120027
  22 0.215 210.882 0.118521
  23 0.225 205.82 0.115676
  24 0.235 213.718 0.120115
  25 0.245 212.83 0.119616
  26 0.255 211.66 0.118958
  27 0.265 214.778 0.120711
  28 0.275 209.292 0.117627
  29 0.285 205.704 0.115611
  30 0.295 218.748 0.122942
  31 0.305 212.062 0.119184
  32 0.315 200.234 0.112536
  33 0.325 218.462 0.122781
  34 0.335 217.506 0.122244
  35 0.345 205.714 0.115616
  36 0.355 217.884 0.122456
  37 0.365 213.004 0.119714
  38 0.375 210.408 0.118255
  39 0.385 210.804 0.118477
  40 0.395 205.496 0.115494
  41 0.405 210.046 0.118051
  42 0.415 208.994 0.11746
  43 0.425 211.094 0.11864
  44 0.435 209.608 0.117805
  45 0.445 213.342 0.119904
  46 0.455 214.232 0.120404
  47 0.465 208.474 0.117168
  48 0.475 213.286 0.119872
  49 0.485 209.966 0.118006
  50 0.495 208.42 0.117137
  51 0.505 208.792 0.117346
  52 0.515 211.412 0.118819
  53 0.525 207.222 0.116464
  54 0.535 207.682 0.116722
  55 0.545 217.372 0.122168
  56 0.555 206.876 0.116269
  57 0.565 206.794 0.116223
  58 0.575 214.706 0.12067
  59 0.585 206.208 0.115894
  60 0.595 202.992 0.114087
  61 0.605 212.34 0.11934
  62 0.615 208.124 0.116971
  63 0.625 208.034 0.11692
  64 0.635 206.372 0.115986
  65 0.645 206.238 0.115911
  66 0.655 204.37 0.114861
  67 0.665 210.692 0.118414
  68 0.675 206.234 0.115909
  69 0.685 201.808 0.113421
  70 0.695 211.564 0.118904
  71 0.705 206.634 0.116133
  72 0.715 205.36 0.115417
  73 0.725 205.266 0.115365
  74 0.735 205.892 0.115716
  75 0.745 212.222 0.119274
  76 0.755 205.14 0.115294
  77 0.765 202.156 0.113617
  78 0.775 210.456 0.118282
  79 0.785 198.678 0.111662
  80 0.795 207.248 0.116479
  81 0.805 208.038 0.116923
  82 0.815 211.336 0.118776
  83 0.825 207.078 0.116383
  84 0.835 204.532 0.114952
  85 0.845 212.242 0.119285
  86 0.855 208.732 0.117313
  87 0.865 207.402 0.116565
  88 0.875 211.658 0.118957
  89 0.885 215.856 0.121316
  90 0.895 211.32 0.118767
  91 0.905 208.94 0.117429
  92 0.915 211.588 0.118918
  93 0.925 218.11 0.122583
  94 0.935 216.05 0.121425
  95 0.945 209.752 0.117886
  96 0.955 211.192 0.118695
  97 0.965 214.732 0.120685
  98 0.975 209.046 0.117489
  99 0.985 210.078 0.118069
  100 0.995 212.576 0.119473
160000 100 21000.000000000007
  1 0.005 213.442 0.11996
  2 0.015 212.774 0.119584
  3 0.025 219.988 0.123639
  4 0.035 215.19 0.120942
  5 0.045 212.238 0.119283
  6 0.055 218.978 0.123071
  7 0.065 217.69 0.122347
  8 0.075 208.404 0.117128
  9 0.085 204.39 0.114872
  10 0.095 218.656 0.12289
  11 0.105 206.59 0.116109
  12 0.115 199.68 0.112225
  13 0.125 209.422 0.1177
  14 0.135 207.752 0.116762
  15 0.145 206.614 0.116122
  16 0.155 206.82 0.116238
  17 0.165 206.302 0.115947
  18 0.175 206.554 0.116088
  19 0.185 213.1 0.119767
  20 0.195 208.916 0.117416
  21 0.205 209.48 0.117733
  22 0.215 209.98 0.118014
  23 0.225 211.298 0.118755
  24 0.235 203.62 0.11444
  25 0.245 209.008 0.117468
  26 0.255 212.254 0.119292
  27 0.265 207.018 0.116349
  28 0.275 206.866 0.116264
  29 0.285 207.938 0.116866
  30 0.295 216.76 0.121825
  31 0.305 206.796 0.116224
  32 0.315 213.466 0.119973
  33 0.325 217.57 0.12228
  34 0.335 213.23 0.119841
  35 0.345 213.61 0.120054
  36 0.355 217.474 0.122226
  37 0.365 215.216 0.120957
  38 0.375 208.254 0.117044
  39 0.385 218.842 0.122995
  40 0.395 210.548 0.118333
  41 0.405 211.05 0.118615
  42 0.415 212.052 0.119178
  43 0.425 209.876 0.117956
  44 0.435 207.54 0.116643
  45 0.445 218.35 0.122718
  46 0.455 208.062 0.116936
  47 0.465 212.478 0.119418
  48 0.475 220.808 0.1241
  49 0.485 208.814 0.117359
  50 0.495 205.15 0.115299
  51 0.505 221.052 0.124237
  52 0.515 211.968 0.119131
  53 0.525 212.444 0.119399
  54 0.535 213.964 0.120253
  55 0.545 210.206 0.118141
  56 0.555 211.3 0.118756
  57 0.565 213.66 0.120082
  58 0.575 210.048 0.118052
  59 0.585 208.48 0.117171
  60 0.595 211.972 0.119134
  61 0.605 208.338 0.117091
  62 0.615 205.898 0.11572
  63 0.625 209.044 0.117488
  64 0.635 208.524 0.117196
  65 0.645 209.18 0.117564
  66 0.655 206.38 0.115991
  67 0.665 205.486 0.115488
  68 0.675 204.154 0.11474
  69 0.685 212.03 0.119166
  70 0.695 207.134 0.116414
  71 0.705 204.32 0.114833
  72 0.715 208.61 0.117244
  73 0.725 207.922 0.116857
  74 0.735 207.854 0.116819
  75 0.745 201.206 0.113083
  76 0.755 211.49 0.118863
  77 0.765 205.05 0.115243
  78 0.775 204.558 0.114967
  79 0.785 203.148 0.114174
  80 0.795 206.842 0.11625
  81 0.805 206.38 0.115991
  82 0.815 204.388 0.114871
  83 0.825 209.864 0.117949
  84 0.835 209.222 0.117588
  85 0.845 205.13 0.115288
  86 0.855 207.168 0.116434
  87 0.865 206.712 0.116177
  88 0.875 205.12 0.115283
  89 0.885 205.702 0.11561
  90 0.895 208.364 0.117106
  91 0.905 208.548 0.117209
  92 0.915 206.81 0.116232
  93 0.925 213.648 0.120075
  94 0.935 211.322 0.118768
  95 0.945 208.008 0.116906
  96 0.955 209.63 0.117817
  97 0.965 215.986 0.12139
  98 0.975 209.316 0.117641
  99 0.985 215.82 0.121296
  100 0.995 213.692 0.1201
170000 100 20999.999999999996
  1 0.005 213.474 0.119978
  2 0.015 206.664 0.11615
  3 0.025 200.066 0.112442
  4 0.035 213.708 0.120109
  5 0.045 211.996 0.119147
  6 0.055 207.746 0.116758
  7 0.065 217.958 0.122498
  8 0.075 216.004 0.1214
  9 0.085 211.838 0.119058
  10 0.095 212.584 0.119477
  11 0.105 215.918 0.121351
  12 0.115 211.352 0.118785
  13 0.125 208.448 0.117153
  14 0.135 204.774 0.115088
  15 0.145 210.756 0.11845
  16 0.155 214.73 0.120684
  17 0.165 202.38 0.113743
  18 0.175 209.69 0.117851
  19 0.185 208.064 0.116937
  20 0.195 208.574 0.117224
  21 0.205 206.136 0.115854
  22 0.215 209.67 0.11784
  23 0.225 199.47 0.112107
  24 0.235 201.842 0.11344
  25 0.245 210.3 0.118194
  26 0.255 207.798 0.116788
  27 0.265 201.186 0.113072
  28 0.275 208.306 0.117073
  29 0.285 210.696 0.118416
  30 0.295 211.194 0.118696
  31 0.305 209.366 0.117669
  32 0.315 213.518 0.120002
  33 0.325 215.266 0.120985
  34 0.335 210.514 0.118314
  35 0.345 210.108 0.118086
  36 0.355 216.842 0.121871
  37 0.365 200.06 0.112439
  38 0.375 215.178 0.120935
  39 0.385 209.066 0.1175
  40 0.395 205.24 0.11535
  41 0.405 208.772 0.117335
  42 0.415 214.934 0.120798
  43 0.425 206.45 0.11603
  44 0.435 207.158 0.116428
  45 0.445 213.202 0.119825
  46 0.455 213.8 0.120161
  47 0.465 207.328 0.116523
  48 0.475 213.906 0.12022
  49 0.485 216.998 0.121958
  50 0.495 206.73 0.116187
  51 0.505 204.052 0.114682
  52 0.515 217.42 0.122195
  53 0.525 205.304 0.115386
  54 0.535 208.502 0.117183
  55 0.545 218.232 0.122652
  56 0.555 213.406 0.119939
  57 0.565 209.294 0.117628
  58 0.575 215.406 0.121064
  59 0.585 211.212 0.118706
  60 0.595 207.888 0.116838
  61 0.605 211.042 0.118611
  62 0.615 211.922 0.119105
  63 0.625 205.412 0.115447
  64 0.635 209.678 0.117844
  65 0.645 215.64 0.121195
  66 0.655 210.37 0.118233
  67 0.665 203.26 0.114237
  68 0.675 215.598 0.121171
  69 0.685 214.594 0.120607
  70 0.695 212.208 0.119266
  71 0.705 215.914 0.121349
  72 0.715 215.926 0.121356
  73 0.725 214.462 0.120533
  74 0.735 212.374 0.119359
  75 0.745 220.246 0.123784
  76 0.755 212.016 0.119158
  77 0.765 207.154 0.116426
  78 0.775 213.53 0.120009
  79 0.785 208.488 0.117175
  80 0.795 206.862 0.116262
  81 0.805 209.23 0.117592
  82 0.815 213.832 0.120179
  83 0.825 204.224 0.114779
  84 0.835 213.534 0.120011
  85 0.845 209.952 0.117998
  86 0.855 208.992 0.117459
  87 0.865 208.806 0.117354
  88 0.875 209.684 0.117848
  89 0.885 216.096 0.121451
  90 0.895 208.956 0.117438
  91 0.905 203.76 0.114518
  92 0.915 211.968 0.119131
  93 0.925 206.674 0.116156
  94 0.935 202.766 0.11396
  95 0.945 214.628 0.120626
  96 0.955 208.092 0.116953
  97 0.965 199.016 0.111852
  98 0.975 209.382 0.117678
  99 0.985 204.906 0.115162
  100 0.995 200.332 0.112592
180000 100 20999.999999999993
  1 0.005 210.88 0.11852
  2 0.015 216.058 0.12143
  3 0.025 213.776 0.120147
  4 0.035 217.968 0.122503
  5 0.045 211.072 0.118628
  6 0.055 213.73 0.120122
  7 0.065 219.536 0.123385
  8 0.075 211.438 0.118833
  9 0.085 218.566 0.12284
  10 0.095 218.436 0.122766
  11 0.105 216.12 0.121465
  12 0.115 211.108 0.118648
  13 0.125 220.602 0.123984
  14 0.135 210.78 0.118464
  15 0.145 217.432 0.122202
  16 0.155 220.086 0.123694
  17 0.165 213.392 0.119932
  18 0.175 211.398 0.118811
  19 0.185 224.152 0.125979
  20 0.195 216.018 0.121407
  21 0.205 213.446 0.119962
  22 0.215 218.992 0.123079
  23 0.225 212.494 0.119427
  24 0.235 213.78 0.12015
  25 0.245 212.064 0.119185
  26 0.255 210.63 0.118379
  27 0.265 208.752 0.117324
  28 0.275 213.246 0.11985
  29 0.285 203.972 0.114637
  30 0.295 209.334 0.117651
  31 0.305 210.546 0.118332
  32 0.315 202.818 0.113989
  33 0.325 213.494 0.119989
  34 0.335 212.004 0.119152
  35 0.345 202.858 0.114011
  36 0.355 211.336 0.118776
  37 0.365 215.29 0.120998
  38 0.375 199.76 0.11227
  39 0.385 210.134 0.118101
  40 0.395 215.424 0.121074
  41 0.405 200.806 0.112858
  42 0.415 210.14 0.118104
  43 0.425 215.022 0.120848
  44 0.435 203.374 0.114301
  45 0.445 211.462 0.118847
  46 0.455 209.516 0.117753
  47 0.465 204.118 0.114719
  48 0.475 208.902 0.117408
  49 0.485 202.888 0.114028
  50 0.495 204.016 0.114662
  51 0.505 204.242 0.114789
  52 0.515 210.942 0.118555
  53 0.525 205.844 0.115689
  54 0.535 207.596 0.116674
  55 0.545 206.706 0.116174
  56 0.555 205.944 0.115746
  57 0.565 206.488 0.116051
  58 0.575 205.274 0.115369
  59 0.585 208.284 0.117061
  60 0.595 208.892 0.117402
  61 0.605 207.5 0.11662
  62 0.615 209.612 0.117807
  63 0.625 211.802 0.119038
  64 0.635 208.652 0.117268
  65 0.645 210.64 0.118385
  66 0.655 212.544 0.119455
  67 0.665 208.442 0.11715
  68 0.675 212.772 0.119583
  69 0.685 207.53 0.116637
  70 0.695 215.424 0.121074
  71 0.705 215.278 0.120992
  72 0.715 209.732 0.117875
  73 0.725 211.046 0.118613
  74 0.735 211.46 0.118846
  75 0.745 206.688 0.116164
  76 0.755 205.316 0.115393
  77 0.765 207.292 0.116503
  78 0.775 207.926 0.11686
  79 0.785 209.266 0.117613
  80 0.795 212.446 0.1194
  81 0.805 210.772 0.118459
  82 0.815 205.35 0.115412
  83 0.825 208.146 0.116983
  84 0.835 209.334 0.117651
  85 0.845 205.486 0.115488
  86 0.855 210.73 0.118435
  87 0.865 206.698 0.116169
  88 0.875 199.194 0.111952
  89 0.885 201.308 0.11314
  90 0.895 204.124 0.114723
  91 0.905 195.216 0.109716
  92 0.915 203.386 0.114308
  93 0.925 204.824 0.115116
  94 0.935 208.48 0.117171
  95 0.945 204.384 0.114869
  96 0.955 207.992 0.116897
  97 0.965 213.392 0.119932
  98 0.975 208.742 0.117318
  99 0.985 213.808 0.120165
  100 0.995 213.888 0.12021
190000 100 20999.999999999993
  1 0.005 211.604 0.118927
  2 0.015 219.502 0.123366
  3 0.025 215.554 0.121147
  4 0.035 209.19 0.11757
  5 0.045 220.914 0.124159
  6 0.055 222.656 0.125138
  7 0.065 213.744 0.120129
  8 0.075 228.432 0.128384
  9 0.085 224.25 0.126034
  10 0.095 219.092 0.123135
  11 0.105 228.286 0.128302
  12 0.115 219.736 0.123497
  13 0.125 214.524 0.120568
  14 0.135 220.592 0.123978
  15 0.145 217.428 0.1222
  16 0.155 211.194 0.118696
  17 0.165 212.61 0.119492
  18 0.175 213.21 0.119829
  19 0.185 211.85 0.119065
  20 0.195 215.352 0.121033
  21 0.205 212.722 0.119555
  22 0.215 207.362 0.116543
  23 0.225 214.37 0.120481
  24 0.235 215.544 0.121141
  25 0.245 201.936 0.113493
  26 0.255 207.778 0.116776
  27 0.265 220.11 0.123707
  28 0.275 204.944 0.115184
  29 0.285 206.256 0.115921
  30 0.295 214.004 0.120276
  31 0.305 208.342 0.117093
  32 0.315 204.488 0.114927
  33 0.325 207.906 0.116848
  34 0.335 205.42 0.115451
  35 0.345 212.528 0.119446
  36 0.355 206.542 0.116082
  37 0.365 207.768 0.116771
  38 0.375 208.992 0.117459
  39 0.385 211.642 0.118948
  40 0.395 201.952 0.113502
  41 0.405 204.424 0.114891
  42 0.415 204.356 0.114853
  43 0.425 211.994 0.119146
  44 0.435 206.908 0.116287
  45 0.445 201.17 0.113063
  46 0.455 212.126 0.11922
  47 0.465 204.396 0.114876
  48 0.475 209.526 0.117759
  49 0.485 205.914 0.115729
  50 0.495 208.726 0.117309
  51 0.505 206.166 0.11587
  52 0.515 210.622 0.118375
  53 0.525 209.746 0.117882
  54 0.535 206.586 0.116106
  55 0.545 210.546 0.118332
  56 0.555 208.672 0.117279
  57 0.565 212.054 0.11918
  58 0.575 205.348 0.115411
  59 0.585 203.242 0.114227
  60 0.595 214.9 0.120779
  61 0.605 207.66 0.11671
  62 0.615 208.594 0.117235
  63 0.625 209.154 0.11755
  64 0.635 216.298 0.121565
  65 0.645 212.144 0.11923
  66 0.655 205.738 0.11563
  67 0.665 215.892 0.121337
  68 0.675 203.78 0.114529
  69 0.685 210.39 0.118244
  70 0.695 208.31 0.117075
  71 0.705 201.61 0.11331
  72 0.715 210.888 0.118524
  73 0.725 207.722 0.116745
  74 0.735 205.91 0.115727
  75 0.745 209.206 0.117579
  76 0.755 209.288 0.117625
  77 0.765 204.166 0.114746
  78 0.775 208.638 0.11726
  79 0.785 205.48 0.115485
  80 0.795 203.086 0.114139
  81 0.805 204.822 0.115115
  82 0.815 201.65 0.113332
  83 0.825 208.546 0.117208
  84 0.835 201.896 0.113471
  85 0.845 204.868 0.115141
  86 0.855 209.56 0.117778
  87 0.865 202.76 0.113956
  88 0.875 207.44 0.116586
  89 0.885 203.39 0.11431
  90 0.895 211.306 0.118759
  91 0.905 204.3 0.114822
  92 0.915 205.582 0.115542
  93 0.925 211.094 0.11864
  94 0.935 204.566 0.114971
  95 0.945 207.068 0.116377
  96 0.955 207.136 0.116416
  97 0.965 209.348 0.117659
  98 0.975 209.588 0.117794
  99 0.985 218.616 0.122868
  100 0.995 214.762 0.120702
200000 100 21000
  1 0.005 213.252 0.119853
  2 0.015 213.992 0.120269
  3 0.025 217.43 0.122201
  4 0.035 217.514 0.122248
  5 0.045 211.6 0.118924
  6 0.055 215.534 0.121135
  7 0.065 216.854 0.121877
  8 0.075 217.492 0.122236
  9 0.085 215.788 0.121278
  10 0.095 218.804 0.122973
  11 0.105 214.346 0.120468
  12 0.115 210.82 0.118486
  13 0.125 218.62 0.12287
  14 0.135 217.092 0.122011
  15 0.145 210.138 0.118103
  16 0.155 216.454 0.121653
  17 0.165 208.392 0.117121
  18 0.175 211.764 0.119017
  19 0.185 217.352 0.122157
  20 0.195 206.496 0.116056
  21 0.205 212.034 0.119168
  22 0.215 210.05 0.118053
  23 0.225 202.398 0.113753
  24 0.235 210.054 0.118056
  25 0.245 210.14 0.118104
  26 0.255 203.46 0.11435
  27 0.265 208.306 0.117073
  28 0.275 211.29 0.11875
  29 0.285 204.746 0.115072
  30 0.295 206.368 0.115984
  31 0.305 206.518 0.116068
  32 0.315 206.998 0.116338
  33 0.325 212.658 0.119519
  34 0.335 208.2 0.117014
  35 0.345 209.06 0.117497
  36 0.355 208.38 0.117115
  37 0.365 208.252 0.117043
  38 0.375 208.852 0.11738
  39 0.385 208.604 0.117241
  40 0.395 203.68 0.114473
  41 0.405 210.954 0.118561
  42 0.415 216.662 0.121769
  43 0.425 205.294 0.11538
  44 0.435 206.752 0.1162
  45 0.445 213.248 0.119851
  46 0.455 209.376 0.117675
  47 0.465 202.858 0.114011
  48 0.475 208.732 0.117313
  49 0.485 211.446 0.118838
  50 0.495 199.034 0.111862
  51 0.505 215.374 0.121046
  52 0.515 208.514 0.11719
  53 0.525 205.294 0.11538
  54 0.535 208.992 0.117459
  55 0.545 209.154 0.11755
  56 0.555 207.268 0.11649
  57 0.565 206.696 0.116168
  58 0.575 212.508 0.119435
  59 0.585 206.468 0.11604
  60 0.595 212.068 0.119187
  61 0.605 211.346 0.118782
  62 0.615 211.408 0.118817
  63 0.625 206.292 0.115941
  64 0.635 208.172 0.116998
  65 0.645 206.486 0.11605
  66 0.655 208.852 0.11738
  67 0.665 208.466 0.117163
  68 0.675 209.326 0.117646
  69 0.685 207.404 0.116566
  70 0.695 214.242 0.120409
  71 0.705 208.532 0.1172
  72 0.715 211.52 0.118879
  73 0.725 207.122 0.116408
  74 0.735 208.572 0.117223
  75 0.745 206.326 0.11596
  76 0.755 206.206 0.115893
  77 0.765 207.236 0.116472
  78 0.775 213.456 0.119968
  79 0.785 204.984 0.115206
  80 0.795 204.69 0.115041
  81 0.805 210.886 0.118523
  82 0.815 206.148 0.11586
  83 0.825 202.728 0.113938
  84 0.835 219.12 0.123151
  85 0.845 206.214 0.115897
  86 0.855 201.154 0.113054
  87 0.865 213.718 0.120115
  88 0.875 211.666 0.118962
  89 0.885 196.38 0.11037
  90 0.895 209.514 0.117752
  91 0.905 214.238 0.120407
  92 0.915 205.558 0.115529
  93 0.925 210.664 0.118398
  94 0.935 210.978 0.118575
  95 0.945 210.542 0.11833
  96 0.955 215.352 0.121033
  97 0.965 212.984 0.119702
  98 0.975 219.27 0.123235
  99 0.985 213.452 0.119965
  100 0.995 212.322 0.11933
